10.0,81.9,1.0,2.9,18.732002,0.737424,40.389406,3933607488.0,370.0,620.0
10.0,81.9,1.0,2.9,52.618172,49.613654,40.061517,3933607746.0,390.0,640.0
10.0,81.9,1.0,2.9,53.314728,50.298165,39.484454,3933608004.0,390.0,640.0
10.0,81.9,1.0,2.9,57.453525,54.09536,39.732636,3933608520.0,390.0,640.0
10.0,81.9,1.0,2.9,51.823093,49.110478,40.714101,3933612906.0,370.0,620.0
10.0,81.9,1.0,2.9,53.237813,49.942595,40.44086,3933613164.0,390.0,640.0
10.0,81.9,1.0,2.9,53.470442,50.214352,39.809899,3933613422.0,390.0,660.0
10.0,81.9,1.0,2.9,53.729888,51.146533,39.510281,3933613680.0,390.0,640.0
10.0,81.9,1.0,2.9,55.720531,52.760101,40.09003,3933613938.0,390.0,660.0
10.0,81.9,1.0,2.9,57.007538,54.028607,39.840469,3933614196.0,390.0,680.0
10.0,81.9,1.0,2.9,57.417455,54.094565,39.809601,3933672364.0,390.0,720.0
10.0,81.9,1.0,2.9,62.592722,59.5102,39.17076,3933672505.0,370.0,700.0
10.0,81.9,1.0,2.9,65.584371,63.110649,40.259188,3933672763.0,390.0,700.0
10.0,81.9,1.0,2.9,61.872953,59.39886,41.241462,3933673021.0,370.0,680.0
10.0,81.9,1.0,2.9,60.232605,57.281542,40.227023,3933673279.0,390.0,700.0
10.0,81.9,1.0,2.9,60.247574,57.722211,40.058634,3933673537.0,390.0,700.0
10.0,81.9,1.0,2.9,59.895648,56.852731,39.531529,3933673795.0,390.0,700.0
10.0,81.9,1.0,2.9,59.665126,57.389802,40.272394,3933674053.0,390.0,700.0
10.0,81.9,1.0,2.9,56.265333,53.647603,40.150062,3933676375.0,390.0,660.0
10.0,81.9,1.0,2.9,55.645759,53.256042,40.65363,3933676633.0,370.0,640.0
10.0,81.9,1.0,2.9,54.57475,52.204426,40.640191,3933676891.0,370.0,640.0
10.0,81.9,1.0,2.9,56.926594,54.19347,40.041421,3933677149.0,390.0,680.0
10.0,81.9,1.0,2.9,55.827066,52.855251,38.260839,3933677407.0,390.0,680.0
10.0,81.9,1.0,2.9,55.008823,52.777484,40.436891,3933681255.0,370.0,640.0
10.0,81.9,1.0,2.9,61.729021,59.083052,40.221423,3933681535.0,390.0,740.0
10.0,81.9,1.0,2.9,62.551889,59.752965,39.788391,3933681793.0,370.0,700.0
10.0,81.9,1.0,2.9,60.45166,57.457982,39.533018,3933682051.0,390.0,740.0
10.0,81.9,1.0,2.9,57.865362,54.986381,39.917596,3933687470.0,370.0,600.0
10.0,81.9,1.0,2.9,53.756878,50.909346,39.694704,3933687727.0,370.0,640.0
10.0,81.9,1.0,2.9,53.598329,51.088411,40.01753,3933687986.0,370.0,600.0
10.0,81.9,1.0,2.9,53.416636,50.651428,40.515486,3933688244.0,390.0,640.0
10.0,81.9,1.0,2.9,52.295888,49.980907,40.022753,3933688502.0,390.0,660.0
10.0,81.9,1.0,2.9,53.078376,50.372354,39.718083,3933688760.0,390.0,660.0
10.0,81.9,1.0,2.9,53.385761,51.24151,39.60308,3933689018.0,390.0,680.0
10.0,81.9,1.0,2.9,55.496764,53.409078,39.911255,3933689276.0,390.0,700.0
10.0,81.9,1.0,2.9,55.570846,53.409612,39.569696,3933689534.0,390.0,700.0
10.0,81.9,1.0,2.9,56.1903,53.718223,40.188024,3933689792.0,390.0,680.0
10.0,81.9,1.0,2.9,47.164967,44.936371,39.405974,3933763323.0,290.0,420.0
10.0,81.9,1.0,2.9,44.117026,42.435757,39.473953,3933763581.0,290.0,440.0
10.0,81.9,1.0,2.9,45.272463,42.951808,39.07643,3933763839.0,310.0,480.0
10.0,81.9,1.0,2.9,45.595512,43.163629,39.209009,3933764097.0,310.0,500.0
10.0,81.9,1.0,2.9,45.679661,43.724632,40.128006,3933764355.0,330.0,520.0
10.0,81.9,1.0,2.9,46.371028,44.455358,38.63247,3933770310.0,370.0,640.0
10.0,81.9,1.0,2.9,59.786855,57.040843,39.695287,3933770547.0,390.0,720.0
10.0,81.9,1.0,2.9,60.481198,57.108212,39.484864,3933770805.0,390.0,720.0
10.0,81.9,1.0,2.9,60.13182,57.686027,40.401085,3933771063.0,390.0,720.0
10.0,81.9,1.0,2.9,58.521573,56.093423,39.894428,3933771321.0,390.0,720.0
10.0,81.9,1.0,2.9,61.855378,58.903611,39.947711,3933771579.0,390.0,720.0
10.0,81.9,1.0,2.9,61.378488,58.320644,40.537347,3933771837.0,390.0,680.0
10.0,81.9,1.0,2.9,60.336248,57.732688,39.877392,3933772095.0,390.0,700.0
10.0,81.9,1.0,2.9,59.788682,56.524711,39.66097,3933772353.0,370.0,680.0
10.0,81.9,1.0,2.9,60.395895,57.592731,40.12904,3933772611.0,370.0,660.0
10.0,81.9,1.0,2.9,59.882422,57.047453,40.18329,3933772869.0,390.0,680.0
10.0,81.9,1.0,2.9,60.138636,57.579186,40.09301,3933773127.0,390.0,680.0
10.0,81.9,1.0,2.9,59.093633,56.390083,40.439705,3933773409.0,0.0,0.0
10.0,81.9,1.0,2.9,-0.207431,0.162283,40.909611,3934018457.0,370.0,640.0
10.0,81.9,1.0,2.9,61.615662,58.741813,40.466007,3934018746.0,370.0,680.0
10.0,81.9,1.0,2.9,61.598377,58.862712,40.149035,3934019004.0,370.0,660.0
10.0,81.9,1.0,2.9,58.077429,55.563929,39.581262,3934019262.0,390.0,700.0
10.0,81.9,1.0,2.9,57.578338,54.967859,40.012937,3934019520.0,390.0,700.0
10.0,81.9,1.0,2.9,56.752558,54.044956,39.880335,3934019778.0,390.0,680.0
10.0,81.9,1.0,2.9,56.572846,54.111096,40.043478,3934029417.0,370.0,680.0
10.0,81.9,1.0,2.9,61.299714,58.243426,39.775708,3934029583.0,390.0,700.0
10.0,81.9,1.0,2.9,58.879155,56.369557,39.534989,3934029841.0,390.0,700.0
10.0,81.9,1.0,2.9,59.52976,57.121965,41.114677,3934030099.0,390.0,720.0
10.0,81.9,1.0,2.9,59.367477,56.587389,40.562695,3934030357.0,390.0,720.0
10.0,81.9,1.0,2.9,57.464573,54.757277,39.625575,3934030615.0,390.0,720.0
10.0,81.9,1.0,2.9,57.618855,54.849277,39.600247,3934030873.0,390.0,720.0
10.0,81.9,1.0,2.9,57.056518,54.645776,39.824795,3934031131.0,370.0,680.0
10.0,81.9,1.0,2.9,40.046557,39.832308,44.544597,3934104859.0,290.0,420.0
10.0,81.9,1.0,2.9,42.362981,40.528249,40.910278,3934105178.0,310.0,460.0
10.0,81.9,1.0,2.9,40.615695,38.810974,40.329176,3934105436.0,310.0,480.0
10.0,81.9,1.0,2.9,41.892614,40.782538,40.492726,3934105694.0,330.0,520.0
10.0,81.9,1.0,2.9,42.97241,41.122406,40.655228,3934105952.0,350.0,540.0
10.0,81.9,1.0,2.9,42.842976,40.914171,39.636947,3934106210.0,350.0,560.0
10.0,81.9,1.0,2.9,43.810093,42.565074,39.054169,3934106468.0,370.0,560.0
10.0,81.9,1.0,2.9,43.70794,42.388587,39.725907,3934106726.0,370.0,600.0
10.0,81.9,1.0,2.9,44.825653,42.634702,40.032907,3934112179.0,370.0,660.0
10.0,81.9,1.0,2.9,57.015909,54.681808,39.368281,3934112402.0,390.0,700.0
10.0,81.9,1.0,2.9,56.030471,53.462695,40.187216,3934112660.0,390.0,720.0
10.0,81.9,1.0,2.9,56.475881,54.352276,40.180739,3934112918.0,390.0,720.0
10.0,81.9,1.0,2.9,57.152818,54.687691,40.440967,3934113176.0,390.0,720.0
10.0,81.9,1.0,2.9,57.432454,55.096438,40.331942,3934113434.0,390.0,740.0
10.0,81.9,1.0,2.9,51.03934,49.095071,39.909575,3934114466.0,390.0,680.0
10.0,81.9,1.0,2.9,53.775828,51.544768,41.452757,3934114724.0,390.0,700.0
10.0,81.9,1.0,2.9,0.0,0.0,40.0,3934115240.0,0.0,0.0
10.0,81.9,1.0,2.9,0.0,0.0,40.0,3934115498.0,0.0,0.0
10.0,81.9,1.0,2.9,0.0,0.0,40.0,3934115756.0,0.0,0.0
10.0,81.9,1.0,2.9,0.0,0.0,40.0,3934116014.0,0.0,0.0
10.0,81.9,1.0,2.9,0.0,0.0,40.0,3934116272.0,0.0,0.0
10.0,81.9,1.0,2.9,0.0,0.0,40.0,3934116530.0,0.0,0.0
10.0,81.9,1.0,2.9,0.0,0.0,40.0,3934116788.0,0.0,0.0
10.0,81.9,1.0,2.9,0.0,0.0,40.0,3934117046.0,0.0,0.0
10.0,81.9,1.0,2.9,0.0,0.0,40.0,3934117304.0,0.0,0.0
10.0,81.9,1.0,2.9,0.0,0.0,40.0,3934117562.0,0.0,0.0
10.0,81.9,1.0,2.9,0.0,0.0,40.0,3934117820.0,0.0,0.0
10.0,81.9,1.0,2.9,0.0,0.0,40.0,3934118078.0,0.0,0.0
10.0,81.9,1.0,2.9,0.0,0.0,40.0,3934118336.0,0.0,0.0
10.0,81.9,1.0,2.9,0.0,0.0,40.0,3934118594.0,0.0,0.0
10.0,81.9,1.0,2.9,0.0,0.0,40.0,3934118852.0,0.0,0.0
10.0,81.9,1.0,2.9,0.0,0.0,40.0,3934119110.0,0.0,0.0
10.0,81.9,1.0,2.9,0.0,0.0,40.0,3934119368.0,0.0,0.0
10.0,81.9,1.0,2.9,0.0,0.0,40.0,3934119626.0,0.0,0.0
10.0,81.9,1.0,2.9,0.0,0.0,40.0,3934119884.0,0.0,0.0
10.0,81.9,1.0,2.9,0.0,0.0,40.0,3934120142.0,150.0,300.0
10.0,81.9,1.0,2.9,51.771334,49.898116,39.964326,3934120400.0,370.0,640.0
10.0,81.9,1.0,2.9,50.951631,48.516237,39.186518,3934120658.0,370.0,640.0
10.0,81.9,1.0,2.9,49.540689,47.708997,40.019386,3934120916.0,370.0,640.0
10.0,81.9,1.0,2.9,49.654108,47.702654,40.730482,3934121174.0,390.0,660.0
10.0,81.9,1.0,2.9,39.505302,38.026629,40.675867,3934190061.0,310.0,480.0
10.0,81.9,1.0,2.9,39.487127,37.430243,40.335384,3934190319.0,330.0,500.0
10.0,81.9,1.0,2.9,39.018174,36.980726,39.244937,3934190577.0,330.0,500.0
10.0,81.9,1.0,2.9,39.774534,38.200292,40.220807,3934190835.0,350.0,540.0
10.0,81.9,1.0,2.9,42.740936,40.918161,39.917254,3934191093.0,350.0,560.0
10.0,81.9,1.0,2.9,41.263757,39.734468,39.835479,3934191351.0,350.0,560.0
10.0,81.9,1.0,2.9,42.035745,40.725749,40.728556,3934191609.0,370.0,580.0
10.0,81.9,1.0,2.9,42.986643,41.195184,39.856008,3934191867.0,370.0,600.0
10.0,81.9,1.0,2.9,45.085152,43.038891,40.297786,3934192125.0,390.0,620.0
10.0,81.9,1.0,2.9,46.448546,44.162337,39.489097,3934192383.0,370.0,620.0
10.0,81.9,1.0,2.9,45.959225,43.698543,41.134675,3934192641.0,390.0,640.0
10.0,81.9,1.0,2.9,45.903141,44.940611,40.998229,3934192899.0,390.0,660.0
10.0,81.9,1.0,2.9,47.610591,45.141957,39.187952,3934193157.0,390.0,660.0
10.0,81.9,1.0,2.9,48.524851,45.912691,39.629416,3934193415.0,390.0,680.0
10.0,81.9,1.0,2.9,48.737538,47.51271,41.439372,3934193673.0,390.0,660.0
10.0,81.9,1.0,2.9,49.853485,48.069202,40.05411,3934193931.0,390.0,680.0
10.0,81.9,1.0,2.9,50.534805,48.180562,38.93186,3934194189.0,390.0,680.0
10.0,81.9,1.0,2.9,0.0,0.0,40.0,3934197285.0,0.0,0.0
10.0,81.9,1.0,2.9,0.0,0.0,40.0,3934197543.0,0.0,0.0
10.0,81.9,1.0,2.9,0.0,0.0,40.0,3934197801.0,0.0,0.0
10.0,81.9,1.0,2.9,0.0,0.0,40.0,3934198059.0,0.0,0.0
10.0,81.9,1.0,2.9,0.0,0.0,40.0,3934198317.0,0.0,0.0
10.0,81.9,1.0,2.9,0.0,0.0,40.0,3934198575.0,0.0,0.0
10.0,81.9,1.0,2.9,0.0,0.0,40.0,3934198833.0,0.0,0.0
10.0,81.9,1.0,2.9,0.0,0.0,40.0,3934199091.0,0.0,0.0
10.0,81.9,1.0,2.9,0.0,0.0,40.0,3934199349.0,0.0,0.0
10.0,81.9,1.0,2.9,0.0,0.0,40.0,3934199607.0,0.0,0.0
10.0,81.9,1.0,2.9,0.0,0.0,40.0,3934199865.0,0.0,0.0
10.0,81.9,1.0,2.9,0.0,0.0,40.0,3934200085.0,290.0,440.0
10.0,81.9,1.0,2.9,49.754728,47.719906,38.27217,3934207605.0,330.0,540.0
10.0,81.9,1.0,2.9,45.784825,43.922655,39.057048,3934207863.0,330.0,540.0
10.0,81.9,1.0,2.9,46.08638,44.054316,38.697918,3934208121.0,350.0,560.0
10.0,81.9,1.0,2.9,45.368499,43.246853,40.68871,3934208379.0,370.0,580.0
10.0,81.9,1.0,2.9,45.161975,43.423167,39.929642,3934208637.0,370.0,600.0
10.0,81.9,1.0,2.9,46.168189,44.391564,39.602025,3934208895.0,370.0,600.0
10.0,81.9,1.0,2.9,46.648713,44.67466,39.893726,3934209153.0,370.0,640.0
10.0,81.9,1.0,2.9,47.049953,45.005491,40.092279,3934209411.0,370.0,640.0
10.0,81.9,1.0,2.9,47.335297,45.374346,39.970441,3934209669.0,390.0,640.0
10.0,81.9,1.0,2.9,48.991121,47.394045,41.876043,3934209927.0,390.0,660.0
10.0,81.9,1.0,2.9,49.379959,47.283498,40.386183,3934210185.0,390.0,680.0
10.0,81.9,1.0,2.9,49.03882,46.711046,40.366894,3934210443.0,390.0,680.0
10.0,81.9,1.0,2.9,49.460855,47.497464,39.946199,3934210701.0,390.0,680.0
10.0,81.9,1.0,2.9,50.345726,48.496827,39.659131,3934210959.0,390.0,700.0
10.0,81.9,1.0,2.9,0.0,0.0,40.0,3934211217.0,0.0,0.0
10.0,81.9,1.0,2.9,50.772625,48.566534,38.841138,3934282621.0,390.0,700.0
10.0,81.9,1.0,2.9,58.526747,56.117765,40.018059,3934282942.0,350.0,640.0
10.0,81.9,1.0,2.9,56.703479,54.047877,39.639303,3934283200.0,370.0,640.0
10.0,81.9,1.0,2.9,55.531623,52.820125,39.495583,3934283458.0,370.0,660.0
10.0,81.9,1.0,2.9,51.986987,49.660225,40.019528,3934283716.0,390.0,680.0
10.0,81.9,1.0,2.9,50.562344,48.093166,39.307905,3934283974.0,390.0,680.0
10.0,81.9,1.0,2.9,50.562838,48.641644,40.090945,3934284232.0,390.0,680.0
10.0,81.9,1.0,2.9,49.65536,47.514814,39.818623,3934284490.0,390.0,680.0
10.0,81.9,1.0,2.9,49.980526,48.217538,40.144611,3934284748.0,390.0,700.0
10.0,81.9,1.0,2.9,51.120503,48.923078,40.365935,3934285006.0,390.0,700.0
10.0,81.9,1.0,2.9,41.368737,38.503833,38.609663,3934292746.0,330.0,520.0
10.0,81.9,1.0,2.9,44.631443,43.086428,39.949101,3934293005.0,330.0,540.0
10.0,81.9,1.0,2.9,44.428575,43.037467,40.905854,3934293262.0,350.0,560.0
10.0,81.9,1.0,2.9,45.433257,44.412422,39.489446,3934293520.0,350.0,580.0
10.0,81.9,1.0,2.9,45.272552,43.155692,40.752909,3934293778.0,370.0,600.0
10.0,81.9,1.0,2.9,43.943873,41.105595,39.935127,3934294037.0,370.0,620.0
10.0,81.9,1.0,2.9,44.947445,43.064303,38.459602,3934294294.0,370.0,640.0
10.0,81.9,1.0,2.9,44.763088,43.256838,40.931534,3934294552.0,390.0,660.0
10.0,81.9,1.0,2.9,45.154874,43.171394,40.000758,3934294810.0,370.0,640.0
10.0,81.9,1.0,2.9,45.90089,44.469184,39.815696,3934295068.0,390.0,680.0
10.0,81.9,1.0,2.9,46.072336,44.350718,41.161937,3934295326.0,390.0,680.0
10.0,81.9,1.0,2.9,34.541935,32.980568,39.635157,3934364987.0,270.0,400.0
10.0,81.9,1.0,2.9,36.135863,34.527431,39.949767,3934365246.0,290.0,420.0
10.0,81.9,1.0,2.9,36.649075,35.01724,39.288201,3934365504.0,290.0,440.0
10.0,81.9,1.0,2.9,38.188616,36.378991,39.145342,3934365762.0,310.0,480.0
10.0,81.9,1.0,2.9,37.56297,35.833694,39.92651,3934366020.0,310.0,500.0
10.0,81.9,1.0,2.9,38.722354,36.68955,40.732303,3934366278.0,330.0,520.0
10.0,81.9,1.0,2.9,38.950589,36.695106,40.15571,3934366536.0,350.0,540.0
10.0,81.9,1.0,2.9,39.525315,37.39203,40.477615,3934366794.0,350.0,560.0
10.0,81.9,1.0,2.9,41.234779,39.336755,39.508884,3934367052.0,370.0,580.0
10.0,81.9,1.0,2.9,41.440182,39.801226,40.278662,3934367310.0,370.0,600.0
10.0,81.9,1.0,2.9,42.380235,40.466868,41.130961,3934367568.0,390.0,620.0
10.0,81.9,1.0,2.9,41.511968,39.535453,39.682559,3934367826.0,390.0,620.0
10.0,81.9,1.0,2.9,42.721596,41.126065,39.601666,3934368084.0,390.0,620.0
10.0,81.9,1.0,2.9,42.929194,41.148378,39.473512,3934368342.0,390.0,640.0
10.0,81.9,1.0,2.9,43.682283,41.887412,39.440647,3934368600.0,390.0,660.0
10.0,81.9,1.0,2.9,44.08243,42.446954,40.199712,3934368858.0,390.0,680.0
10.0,81.9,1.0,2.9,45.203727,43.534121,40.718881,3934369116.0,390.0,680.0
10.0,81.9,1.0,2.9,43.108529,40.426515,39.073817,3934371954.0,370.0,600.0
10.0,81.9,1.0,2.9,44.156726,41.9848,40.258496,3934372212.0,370.0,600.0
10.0,81.9,1.0,2.9,43.965984,41.915569,41.346077,3934372470.0,370.0,600.0
10.0,81.9,1.0,2.9,42.468497,41.043358,39.037909,3934372728.0,390.0,640.0
10.0,81.9,1.0,2.9,42.668528,39.915061,40.11347,3934372986.0,390.0,640.0
10.0,81.9,1.0,2.9,42.733814,40.990859,40.34633,3934373244.0,390.0,640.0
10.0,81.9,1.0,2.9,43.712663,42.274118,39.909544,3934373502.0,390.0,680.0
10.0,81.9,1.0,2.9,42.259549,41.243548,40.603776,3934373760.0,390.0,660.0
10.0,81.9,1.0,2.9,44.453028,42.030171,39.492131,3934374018.0,390.0,680.0
10.0,81.9,1.0,2.9,45.360696,42.907299,39.441352,3934374276.0,390.0,700.0
10.0,81.9,1.0,2.9,44.955313,43.232939,40.200283,3934374534.0,390.0,700.0
10.0,81.9,1.0,2.9,45.618636,43.295999,40.036933,3934374792.0,390.0,700.0
10.0,81.9,1.0,2.9,45.86364,43.963328,39.842325,3934375050.0,390.0,700.0
10.0,81.9,1.0,2.9,46.024847,43.800545,40.30802,3934375308.0,390.0,700.0
10.0,81.9,1.0,2.9,46.485563,44.426168,40.127748,3934375566.0,390.0,700.0
10.0,81.9,1.0,2.9,47.093649,45.245868,39.601341,3934375824.0,390.0,700.0
10.0,81.9,1.0,2.9,46.922804,44.730022,40.799542,3934376082.0,390.0,700.0
10.0,81.9,1.0,2.9,47.458352,45.352624,39.348772,3934376340.0,410.0,720.0
10.0,81.9,1.0,2.9,47.955568,46.210778,40.246933,3934376598.0,390.0,700.0
10.0,81.9,1.0,2.9,4.481818,-0.123528,-24.154416,3934714446.0,390.0,660.0
10.0,81.9,1.0,2.9,42.986178,41.228865,40.298054,3934714704.0,390.0,660.0
10.0,81.9,1.0,2.9,43.606303,41.878922,40.951648,3934714962.0,390.0,660.0
10.0,81.9,1.0,2.9,43.233358,42.134119,40.493555,3934715220.0,390.0,680.0
10.0,81.9,1.0,2.9,44.717566,42.490529,39.568369,3934715478.0,390.0,660.0
10.0,81.9,1.0,2.9,46.059453,43.92205,39.892982,3934715736.0,390.0,700.0
10.0,81.9,1.0,2.9,46.325842,44.103487,38.750529,3934715994.0,390.0,700.0
10.0,81.9,1.0,2.9,48.449265,46.352164,39.784609,3934716252.0,390.0,660.0
10.0,81.9,1.0,2.9,48.661578,46.911858,39.910861,3934716510.0,390.0,700.0
10.0,81.9,1.0,2.9,49.175858,46.679318,40.528358,3934716768.0,390.0,680.0
10.0,81.9,1.0,2.9,48.48673,45.912535,40.51496,3934717026.0,390.0,680.0
10.0,81.9,1.0,2.9,49.815936,47.684779,40.548567,3934717284.0,390.0,680.0
10.0,81.9,1.0,2.9,49.003663,46.616727,40.825546,3934717542.0,390.0,680.0
10.0,81.9,1.0,2.9,47.615083,45.63696,40.02191,3934717800.0,390.0,680.0
10.0,81.9,1.0,2.9,46.658716,44.06933,40.185624,3934718058.0,390.0,700.0
10.0,81.9,1.0,2.9,47.299342,45.708813,40.805179,3934718316.0,390.0,680.0
10.0,81.9,1.0,2.9,46.663751,44.835357,40.381436,3934718574.0,390.0,680.0
10.0,81.9,1.0,2.9,46.972319,44.142128,39.890695,3934718832.0,390.0,680.0
10.0,81.9,1.0,2.9,46.642139,43.928776,40.171869,3934719090.0,390.0,680.0
10.0,81.9,1.0,2.9,44.566573,42.447998,41.452308,3934719348.0,370.0,680.0
10.0,81.9,1.0,2.9,44.388758,42.185712,39.497413,3934719606.0,390.0,680.0
10.0,81.9,1.0,2.9,45.194107,43.751699,40.655039,3934719864.0,370.0,660.0
10.0,81.9,1.0,2.9,44.524829,42.683594,40.03485,3934720122.0,370.0,660.0
10.0,81.9,1.0,2.9,42.560143,40.755306,40.583167,3934720380.0,390.0,680.0
10.0,81.9,1.0,2.9,41.83359,40.472192,38.81837,3934726205.0,370.0,680.0
10.0,81.9,1.0,2.9,51.028226,48.567591,39.866209,3934726573.0,390.0,780.0
10.0,81.9,1.0,2.9,51.673935,49.688456,39.570173,3934726831.0,390.0,740.0
10.0,81.9,1.0,2.9,51.623535,49.337015,40.442415,3934727089.0,390.0,740.0
10.0,81.9,1.0,2.9,51.177021,48.944524,40.134157,3934727347.0,370.0,720.0
10.0,81.9,1.0,2.9,49.066765,47.241443,40.08653,3934727605.0,390.0,720.0
10.0,81.9,1.0,2.9,48.36609,46.207112,40.784245,3934727863.0,390.0,700.0
10.0,81.9,1.0,2.9,46.262091,44.511881,40.364124,3934728121.0,390.0,680.0
10.0,81.9,1.0,2.9,45.663191,43.769437,40.127879,3934728379.0,390.0,680.0
10.0,81.9,1.0,2.9,44.699158,42.249897,40.205234,3934728637.0,370.0,640.0
10.0,81.9,1.0,2.9,35.531122,34.160488,39.894617,3934801652.0,350.0,560.0
10.0,81.9,1.0,2.9,37.63844,35.434969,38.724535,3934801910.0,350.0,560.0
10.0,81.9,1.0,2.9,36.301412,34.528606,40.506261,3934802168.0,370.0,580.0
10.0,81.9,1.0,2.9,37.265087,35.360283,39.729825,3934802426.0,370.0,600.0
10.0,81.9,1.0,2.9,37.190842,35.257031,39.800617,3934802684.0,370.0,620.0
10.0,81.9,1.0,2.9,38.560213,36.884533,39.237579,3934802942.0,390.0,620.0
10.0,81.9,1.0,2.9,39.767889,38.307977,40.741362,3934803200.0,370.0,640.0
10.0,81.9,1.0,2.9,40.410866,38.700879,40.352869,3934803458.0,390.0,660.0
10.0,81.9,1.0,2.9,41.686676,40.273871,40.021242,3934803716.0,390.0,660.0
10.0,81.9,1.0,2.9,42.042444,40.118674,39.806739,3934803974.0,390.0,700.0
10.0,81.9,1.0,2.9,44.413383,42.593021,40.089464,3934804232.0,390.0,700.0
10.0,81.9,1.0,2.9,43.989997,42.297791,39.469874,3934804490.0,390.0,680.0
10.0,81.9,1.0,2.9,44.981807,42.472057,39.983487,3934804748.0,390.0,720.0
10.0,81.9,1.0,2.9,45.582156,43.51162,39.988667,3934805006.0,390.0,680.0
10.0,81.9,1.0,2.9,45.098839,43.331835,40.981382,3934805264.0,390.0,700.0
10.0,81.9,1.0,2.9,46.705807,44.573956,39.29705,3934805522.0,390.0,680.0
10.0,81.9,1.0,2.9,46.513261,43.892317,38.820378,3934805780.0,390.0,680.0
10.0,81.9,1.0,2.9,47.255062,45.413533,39.805101,3934806038.0,390.0,700.0
10.0,81.9,1.0,2.9,46.214061,43.871296,39.305217,3934806296.0,390.0,700.0
10.0,81.9,1.0,2.9,48.431618,46.762837,40.151248,3934806554.0,390.0,700.0
10.0,81.9,1.0,2.9,40.023174,38.476626,39.639311,3934812488.0,390.0,680.0
10.0,81.9,1.0,2.9,38.931554,37.681861,40.019385,3934812746.0,390.0,680.0
10.0,81.9,1.0,2.9,39.34277,37.594813,40.166209,3934813004.0,390.0,700.0
10.0,81.9,1.0,2.9,40.621878,38.726832,40.224267,3934813262.0,390.0,700.0
10.0,81.9,1.0,2.9,41.034633,39.739948,39.257242,3934813520.0,390.0,700.0
10.0,81.9,1.0,2.9,42.334541,40.55039,39.970222,3934813778.0,390.0,700.0
10.0,81.9,1.0,2.9,42.664593,41.264933,40.200121,3934814036.0,390.0,720.0
10.0,81.9,1.0,2.9,43.06915,40.976409,39.943084,3934814294.0,390.0,680.0
10.0,81.9,1.0,2.9,43.735371,41.953795,40.276939,3934814552.0,390.0,700.0
10.0,81.9,1.0,2.9,43.285208,41.239767,40.477084,3934814810.0,390.0,720.0
10.0,81.9,1.0,2.9,33.848599,32.559254,39.769487,3934886277.0,370.0,600.0
10.0,81.9,1.0,2.9,33.919234,32.43804,40.204288,3934886535.0,370.0,620.0
10.0,81.9,1.0,2.9,33.653966,32.283021,39.949816,3934886793.0,370.0,620.0
10.0,81.9,1.0,2.9,35.847759,34.169862,39.698399,3934887051.0,370.0,640.0
10.0,81.9,1.0,2.9,36.793903,35.449156,40.223426,3934887309.0,370.0,640.0
10.0,81.9,1.0,2.9,36.995225,35.445783,39.998424,3934887567.0,370.0,660.0
10.0,81.9,1.0,2.9,37.556601,35.765642,40.106668,3934887825.0,390.0,680.0
10.0,81.9,1.0,2.9,38.244704,36.839744,40.20002,3934888083.0,390.0,680.0
10.0,81.9,1.0,2.9,39.479488,37.804625,40.744462,3934888341.0,390.0,680.0
10.0,81.9,1.0,2.9,39.292442,37.812327,38.87173,3934888599.0,370.0,680.0
10.0,81.9,1.0,2.9,40.192509,38.225845,39.915261,3934888857.0,390.0,700.0
10.0,81.9,1.0,2.9,40.769234,39.114475,39.760441,3934889115.0,390.0,700.0
10.0,81.9,1.0,2.9,42.675908,40.887396,39.862415,3934889373.0,390.0,680.0
10.0,81.9,1.0,2.9,42.869579,41.174542,39.146972,3934899373.0,390.0,720.0
10.0,81.9,1.0,2.9,43.807327,42.08551,39.26031,3934899693.0,390.0,740.0
10.0,81.9,1.0,2.9,44.076722,42.237971,40.023738,3934899951.0,390.0,760.0
10.0,81.9,1.0,2.9,42.705533,40.86305,40.41772,3934900209.0,390.0,740.0
10.0,81.9,1.0,2.9,43.295779,41.311709,40.531705,3934900467.0,390.0,760.0
10.0,81.9,1.0,2.9,43.498332,42.254028,40.797498,3934900725.0,390.0,740.0
10.0,81.9,1.0,2.9,43.815253,41.687214,39.708748,3934900983.0,390.0,740.0
10.0,81.9,1.0,2.9,44.606164,43.014051,39.536986,3934901241.0,390.0,740.0
10.0,81.9,1.0,2.9,45.726868,43.947044,40.643191,3934901499.0,390.0,740.0
10.0,81.9,1.0,2.9,44.106059,42.204805,38.400042,3934901757.0,390.0,720.0
10.0,81.9,1.0,2.9,30.562035,28.632286,40.160042,3934993090.0,310.0,500.0
10.0,81.9,1.0,2.9,31.065286,29.394838,39.8384,3934993349.0,330.0,540.0
10.0,81.9,1.0,2.9,31.853831,30.340475,40.367616,3934993607.0,350.0,540.0
10.0,81.9,1.0,2.9,32.211095,31.241277,40.091444,3934993864.0,350.0,580.0
10.0,81.9,1.0,2.9,32.613323,31.263782,39.844084,3934994123.0,370.0,600.0
10.0,81.9,1.0,2.9,33.095191,31.875262,39.950216,3934994381.0,370.0,600.0
10.0,81.9,1.0,2.9,32.684536,31.236235,40.241297,3934994639.0,390.0,640.0
10.0,81.9,1.0,2.9,34.412791,33.131616,39.059207,3934994897.0,390.0,660.0
10.0,81.9,1.0,2.9,34.86731,33.559016,38.744465,3934995155.0,390.0,640.0
10.0,81.9,1.0,2.9,35.099349,33.323173,39.685725,3934995413.0,390.0,680.0
10.0,81.9,1.0,2.9,36.627367,35.471992,40.365924,3934995671.0,390.0,680.0
10.0,81.9,1.0,2.9,37.102512,35.276779,40.390699,3934995928.0,390.0,680.0
10.0,81.9,1.0,2.9,37.08388,35.643495,40.108182,3934996187.0,390.0,700.0
10.0,81.9,1.0,2.9,39.058763,36.71201,39.606815,3934996445.0,390.0,700.0
10.0,81.9,1.0,2.9,39.298235,37.557175,39.61993,3934996703.0,390.0,700.0
10.0,81.9,1.0,2.9,39.837198,38.219615,40.402837,3934996961.0,390.0,700.0
10.0,81.9,1.0,2.9,40.131179,38.251703,39.877884,3934997219.0,390.0,700.0
10.0,81.9,1.0,2.9,39.148884,38.001276,40.635425,3934997477.0,390.0,680.0
10.0,81.9,1.0,2.9,42.230555,40.399866,39.764372,3934997735.0,390.0,700.0
10.0,81.9,1.0,2.9,41.538725,40.133654,40.110591,3934997993.0,390.0,680.0
10.0,81.9,1.0,2.9,40.051444,38.461059,39.480162,3934998251.0,390.0,720.0
10.0,81.9,1.0,2.9,40.521739,39.109139,40.943866,3934998509.0,390.0,680.0
10.0,81.9,1.0,2.9,41.620966,39.760237,40.701343,3934998767.0,390.0,680.0
10.0,81.9,1.0,2.9,25.551782,24.212423,40.649386,3935232518.0,330.0,520.0
10.0,81.9,1.0,2.9,25.554176,24.342261,39.440716,3935232776.0,350.0,540.0
10.0,81.9,1.0,2.9,26.476506,25.908551,39.819058,3935233034.0,370.0,560.0
10.0,81.9,1.0,2.9,27.309876,26.035957,40.364375,3935233292.0,370.0,560.0
10.0,81.9,1.0,2.9,28.720704,27.479473,39.873436,3935233550.0,370.0,580.0
10.0,81.9,1.0,2.9,28.810336,27.623929,39.131913,3935233808.0,370.0,600.0
10.0,81.9,1.0,2.9,29.637107,28.964687,39.724696,3935234066.0,390.0,600.0
10.0,81.9,1.0,2.9,30.195591,29.116447,40.202561,3935234324.0,390.0,620.0
10.0,81.9,1.0,2.9,31.63583,29.698981,41.237595,3935234582.0,390.0,640.0
10.0,81.9,1.0,2.9,31.882348,31.311654,40.451695,3935234840.0,390.0,640.0
10.0,81.9,1.0,2.9,33.038991,32.041011,39.907696,3935235098.0,390.0,640.0
10.0,81.9,1.0,2.9,32.814288,31.405105,39.65048,3935235356.0,390.0,660.0
10.0,81.9,1.0,2.9,33.873282,32.768279,40.325332,3935235614.0,390.0,660.0
10.0,81.9,1.0,2.9,35.548153,33.903518,39.707308,3935235872.0,390.0,680.0
10.0,81.9,1.0,2.9,35.615832,34.116517,41.239587,3935236130.0,390.0,680.0
10.0,81.9,1.0,2.9,36.066037,34.944704,40.289056,3935236388.0,390.0,680.0
10.0,81.9,1.0,2.9,37.090842,35.447431,40.209556,3935236646.0,370.0,660.0
10.0,81.9,1.0,2.9,38.289765,37.070446,40.109757,3935236904.0,390.0,680.0
10.0,81.9,1.0,2.9,38.227636,36.371169,39.058388,3935237162.0,390.0,680.0
10.0,81.9,1.0,2.9,37.723322,36.348694,40.308564,3935237420.0,390.0,700.0
10.0,81.9,1.0,2.9,38.591956,36.919863,39.169342,3935237678.0,390.0,680.0
10.0,81.9,1.0,2.9,38.656124,37.718962,39.998682,3935237936.0,390.0,680.0
10.0,81.9,1.0,2.9,38.987019,37.094564,39.190652,3935238194.0,390.0,700.0
10.0,81.9,1.0,2.9,39.240372,37.71278,39.543946,3935238452.0,390.0,680.0
10.0,81.9,1.0,2.9,38.54315,36.859058,38.531121,3935238710.0,390.0,700.0
10.0,81.9,1.0,2.9,38.49829,37.251912,40.277726,3935238968.0,390.0,700.0
10.0,81.9,1.0,2.9,39.912941,38.042045,39.855996,3935239226.0,390.0,680.0
10.0,81.9,1.0,2.9,38.699209,37.116661,40.16556,3935239484.0,390.0,700.0
10.0,81.9,1.0,2.9,38.553331,36.378228,40.168999,3935239742.0,370.0,660.0
10.0,81.9,1.0,2.9,39.070772,37.645803,39.634835,3935240000.0,390.0,700.0
10.0,81.9,1.0,2.9,38.994329,37.09655,40.787141,3935240258.0,370.0,660.0
10.0,81.9,1.0,2.9,38.7468,37.013461,39.62419,3935240516.0,390.0,680.0
10.0,81.9,1.0,2.9,39.121379,37.328522,40.094984,3935240774.0,390.0,680.0
10.0,81.9,1.0,2.9,37.918575,36.22136,39.489306,3935241032.0,390.0,680.0
10.0,81.9,1.0,2.9,38.623139,37.224456,39.820395,3935241290.0,390.0,700.0
10.0,81.9,1.0,2.9,38.311611,36.313895,38.744483,3935241548.0,370.0,680.0
10.0,81.9,1.0,2.9,38.046323,36.102653,39.580147,3935241806.0,390.0,700.0
10.0,81.9,1.0,2.9,37.933149,36.672704,39.636259,3935242064.0,390.0,700.0
10.0,81.9,1.0,2.9,38.237085,36.43338,40.935791,3935242322.0,390.0,680.0
10.0,81.9,1.0,2.9,38.951132,37.187385,40.60589,3935242580.0,390.0,660.0
10.0,81.9,1.0,2.9,38.250933,36.326048,39.983313,3935242838.0,390.0,700.0
10.0,81.9,1.0,2.9,38.084192,36.404993,40.200437,3935243096.0,410.0,720.0
10.0,81.9,1.0,2.9,37.935108,36.038528,39.729462,3935243354.0,410.0,720.0
10.0,81.9,1.0,2.9,37.900089,36.231709,40.851755,3935243612.0,370.0,660.0
10.0,81.9,1.0,2.9,37.686362,36.417898,40.342773,3935243870.0,390.0,700.0
10.0,81.9,1.0,2.9,37.574079,35.550839,41.095071,3935244128.0,390.0,700.0
10.0,81.9,1.0,2.9,37.256507,35.223756,39.846921,3935244386.0,390.0,720.0
10.0,81.9,1.0,2.9,37.794418,35.888698,40.605533,3935244644.0,390.0,700.0
10.0,81.9,1.0,2.9,37.926252,35.894736,39.715166,3935244902.0,390.0,700.0
10.0,81.9,1.0,2.9,37.917012,36.085978,40.530056,3935245160.0,390.0,700.0
10.0,81.9,1.0,2.9,37.945338,35.820766,39.637732,3935245418.0,390.0,680.0
10.0,81.9,1.0,2.9,37.367333,35.35932,40.480776,3935245676.0,390.0,700.0
10.0,81.9,1.0,2.9,37.618466,35.498097,40.368355,3935245934.0,390.0,700.0
10.0,81.9,1.0,2.9,37.313045,35.218075,41.171708,3935246192.0,390.0,680.0
10.0,81.9,1.0,2.9,37.728917,36.223282,39.343681,3935246450.0,390.0,720.0
10.0,81.9,1.0,2.9,36.74338,35.189076,39.728732,3935246708.0,390.0,680.0
10.0,81.9,1.0,2.9,37.322033,35.353595,40.735401,3935246966.0,390.0,720.0
10.0,81.9,1.0,2.9,37.153691,35.031004,40.347268,3935247224.0,390.0,700.0
10.0,81.9,1.0,2.9,26.620598,26.190026,39.269249,3935320755.0,370.0,580.0
10.0,81.9,1.0,2.9,26.362887,25.823499,39.138885,3935321013.0,370.0,600.0
10.0,81.9,1.0,2.9,27.667536,27.506592,39.576556,3935321271.0,390.0,620.0
10.0,81.9,1.0,2.9,27.828623,27.50112,40.512053,3935321529.0,390.0,640.0
10.0,81.9,1.0,2.9,28.226249,27.267439,38.420138,3935321787.0,390.0,640.0
10.0,81.9,1.0,2.9,29.638661,28.905107,39.621884,3935322045.0,390.0,660.0
10.0,81.9,1.0,2.9,30.003871,29.912265,38.141927,3935322303.0,390.0,660.0
10.0,81.9,1.0,2.9,30.825384,30.972385,39.982873,3935322561.0,390.0,680.0
10.0,81.9,1.0,2.9,31.327439,31.075579,39.507865,3935322819.0,390.0,680.0
10.0,81.9,1.0,2.9,32.681426,32.295925,39.587623,3935323077.0,390.0,680.0
10.0,81.9,1.0,2.9,32.980958,32.749032,39.765548,3935323335.0,390.0,700.0
10.0,81.9,1.0,2.9,32.844964,32.605402,39.763275,3935323593.0,410.0,720.0
10.0,81.9,1.0,2.9,32.942804,32.752178,39.973102,3935323851.0,390.0,700.0
10.0,81.9,1.0,2.9,33.158412,33.459197,39.637138,3935324109.0,390.0,700.0
10.0,81.9,1.0,2.9,34.559088,33.522689,39.29441,3935324367.0,390.0,720.0
10.0,81.9,1.0,2.9,34.865383,34.247208,38.874605,3935324625.0,410.0,720.0
10.0,81.9,1.0,2.9,34.746182,34.244878,40.660624,3935324883.0,390.0,720.0
10.0,81.9,1.0,2.9,35.185202,35.155742,38.710173,3935325141.0,410.0,720.0
10.0,81.9,1.0,2.9,35.888123,35.816242,40.32481,3935325399.0,390.0,700.0
10.0,81.9,1.0,2.9,37.014051,36.344609,40.374851,3935325657.0,390.0,720.0
10.0,81.9,1.0,2.9,35.927446,35.466316,39.91429,3935325916.0,390.0,720.0
10.0,81.9,1.0,2.9,37.160145,36.926079,40.983365,3935326173.0,390.0,700.0
10.0,81.9,1.0,2.9,36.86384,36.135047,40.641782,3935326431.0,410.0,720.0
10.0,81.9,1.0,2.9,35.581253,35.057023,40.12407,3935326689.0,410.0,740.0
10.0,81.9,1.0,2.9,37.305869,36.264228,41.778594,3935326947.0,390.0,700.0
10.0,81.9,1.0,2.9,36.582054,35.85263,40.421748,3935327205.0,390.0,720.0
10.0,81.9,1.0,2.9,36.328305,37.405644,39.83813,3935327463.0,390.0,700.0
10.0,81.9,1.0,2.9,36.088922,35.557464,40.524111,3935327723.0,390.0,720.0
10.0,81.9,1.0,2.9,36.377966,36.20829,40.257248,3935327979.0,410.0,740.0
10.0,81.9,1.0,2.9,37.986018,37.464296,40.513783,3935328237.0,390.0,720.0
10.0,81.9,1.0,2.9,36.346131,35.823935,39.897732,3935328495.0,410.0,720.0
10.0,81.9,1.0,2.9,36.983545,36.054388,39.560672,3935328753.0,390.0,720.0
10.0,81.9,1.0,2.9,36.47626,35.854564,39.826632,3935329011.0,390.0,700.0
10.0,81.9,1.0,2.9,36.054075,36.350541,39.996762,3935329270.0,390.0,720.0
10.0,81.9,1.0,2.9,36.910479,36.460174,39.931314,3935329528.0,390.0,720.0
10.0,81.9,1.0,2.9,37.484011,36.73407,39.164656,3935329785.0,390.0,720.0
10.0,81.9,1.0,2.9,37.191238,37.072956,42.072789,3935330043.0,390.0,700.0
10.0,81.9,1.0,2.9,36.867981,36.491849,40.018934,3935330302.0,390.0,720.0
10.0,81.9,1.0,2.9,36.90104,36.68291,41.29532,3935330559.0,390.0,720.0
10.0,81.9,1.0,2.9,37.113822,36.661439,38.129374,3935330817.0,390.0,700.0
10.0,81.9,1.0,2.9,28.013332,27.69854,39.673045,3935349136.0,330.0,560.0
10.0,81.9,1.0,2.9,27.88079,27.558454,40.07971,3935349394.0,350.0,580.0
10.0,81.9,1.0,2.9,28.883157,28.405738,39.735293,3935349652.0,350.0,580.0
10.0,81.9,1.0,2.9,28.592695,28.17071,39.765281,3935349910.0,370.0,620.0
10.0,81.9,1.0,2.9,28.673954,28.526855,39.215839,3935400245.0,370.0,660.0
10.0,81.9,1.0,2.9,38.310321,38.796699,40.489854,3935400479.0,330.0,600.0
10.0,81.9,1.0,2.9,38.698295,38.407629,41.237669,3935400737.0,330.0,620.0
10.0,81.9,1.0,2.9,37.45154,38.173789,39.453856,3935400995.0,350.0,640.0
10.0,81.9,1.0,2.9,36.622736,36.509925,40.079384,3935401253.0,370.0,660.0
10.0,81.9,1.0,2.9,35.716163,35.582188,41.385884,3935401511.0,370.0,660.0
10.0,81.9,1.0,2.9,34.281393,33.782707,40.15458,3935401769.0,370.0,660.0
10.0,81.9,1.0,2.9,33.669169,33.785015,41.56448,3935402027.0,390.0,680.0
10.0,81.9,1.0,2.9,33.045811,32.788304,39.75075,3935402285.0,390.0,700.0
10.0,81.9,1.0,2.9,33.617658,33.51586,39.8904,3935402543.0,390.0,700.0
10.0,81.9,1.0,2.9,33.629587,33.558276,41.255675,3935402801.0,390.0,700.0
10.0,81.9,1.0,2.9,33.570855,33.504733,39.273304,3935403059.0,390.0,700.0
10.0,81.9,1.0,2.9,33.167789,33.253757,41.769041,3935403317.0,390.0,720.0
10.0,81.9,1.0,2.9,33.358758,32.751366,41.736293,3935403575.0,390.0,720.0
10.0,81.9,1.0,2.9,47.386749,46.886356,39.93569,3935404091.0,350.0,940.0
10.0,81.9,1.0,2.9,47.385102,47.125185,38.055567,3935404349.0,350.0,960.0
10.0,81.9,1.0,2.9,47.737608,47.216743,40.020066,3935404607.0,350.0,940.0
10.0,81.9,1.0,2.9,48.537918,47.925175,39.281425,3935404865.0,350.0,960.0
10.0,81.9,1.0,2.9,47.502491,47.711116,39.820194,3935405123.0,350.0,960.0
10.0,81.9,1.0,2.9,47.383882,47.109134,39.972573,3935405381.0,350.0,940.0
10.0,81.9,1.0,2.9,47.675726,47.416372,39.974796,3935405639.0,350.0,960.0
10.0,81.9,1.0,2.9,47.916232,47.774327,40.401315,3935405897.0,350.0,960.0
10.0,81.9,1.0,2.9,47.675681,47.286979,40.151857,3935406155.0,350.0,960.0
10.0,81.9,1.0,2.9,47.217162,47.024182,38.65596,3935406413.0,350.0,940.0
10.0,81.9,1.0,2.9,47.412592,47.430467,40.492697,3935406671.0,350.0,940.0
10.0,81.9,1.0,2.9,47.127586,47.272282,40.275494,3935406929.0,350.0,980.0
10.0,81.9,1.0,2.9,47.886816,47.465518,39.786991,3935407187.0,350.0,960.0
10.0,81.9,1.0,2.9,47.539831,47.120835,38.295869,3935407445.0,350.0,960.0
10.0,81.9,1.0,2.9,47.052754,47.077172,40.184745,3935407703.0,350.0,960.0
10.0,81.9,1.0,2.9,47.900832,47.527284,38.282113,3935407933.0,350.0,960.0
10.0,81.9,1.0,2.9,53.873436,53.912999,40.436994,3935408219.0,350.0,1040.0
10.0,81.9,1.0,2.9,53.43882,52.967828,41.375668,3935408477.0,350.0,1020.0
10.0,81.9,1.0,2.9,52.684994,52.58489,40.561965,3935408735.0,350.0,1040.0
10.0,81.9,1.0,2.9,52.316441,51.978224,40.997995,3935408993.0,350.0,1060.0
10.0,81.9,1.0,2.9,53.052168,53.231292,41.425227,3935409251.0,350.0,1040.0
10.0,81.9,1.0,2.9,51.597741,51.974074,40.583879,3935409509.0,350.0,1040.0
10.0,81.9,1.0,2.9,52.640982,52.366806,40.348522,3935409767.0,350.0,1040.0
10.0,81.9,1.0,2.9,52.435118,52.226892,39.623743,3935410025.0,350.0,1040.0
10.0,81.9,1.0,2.9,52.561371,52.454788,40.148298,3935410283.0,350.0,1040.0
10.0,81.9,1.0,2.9,52.57116,52.623646,39.769107,3935410541.0,350.0,1040.0
10.0,81.9,1.0,2.9,51.366362,51.65089,40.077309,3935410799.0,350.0,1060.0
10.0,81.9,1.0,2.9,32.876618,32.621478,39.525015,3935411057.0,390.0,740.0
10.0,81.9,1.0,2.9,33.14182,33.041567,39.363302,3935411315.0,390.0,740.0
10.0,81.9,1.0,2.9,33.951753,34.157854,40.127263,3935411573.0,410.0,760.0
10.0,81.9,1.0,2.9,33.892152,33.891517,39.425196,3935411831.0,390.0,720.0
10.0,81.9,1.0,2.9,34.655276,34.873594,39.597309,3935412089.0,390.0,740.0
10.0,81.9,1.0,2.9,34.193055,33.992693,41.105989,3935412347.0,390.0,720.0
10.0,81.9,1.0,2.9,33.572713,33.215427,41.316198,3935412605.0,390.0,720.0
10.0,81.9,1.0,2.9,33.756095,33.836908,40.607028,3935412863.0,370.0,700.0
10.0,81.9,1.0,2.9,33.992946,34.113099,40.217301,3935413121.0,390.0,740.0
10.0,81.9,1.0,2.9,33.672937,33.879186,40.270723,3935413379.0,390.0,720.0
10.0,81.9,1.0,2.9,34.375374,34.2664,40.073582,3935413637.0,390.0,740.0
10.0,81.9,1.0,2.9,34.72506,34.669576,39.495821,3935413895.0,390.0,720.0
10.0,81.9,1.0,2.9,34.735915,34.962245,39.617443,3935414153.0,390.0,720.0
10.0,81.9,1.0,2.9,33.427591,34.185873,39.888363,3935414411.0,390.0,720.0
10.0,81.9,1.0,2.9,33.971491,34.136059,38.653755,3935414669.0,390.0,740.0
10.0,81.9,1.0,2.9,33.370649,33.635298,40.147141,3935414927.0,390.0,740.0
10.0,81.9,1.0,2.9,33.419755,33.74037,40.30896,3935415185.0,390.0,740.0
10.0,81.9,1.0,2.9,34.379812,34.49718,39.674523,3935415443.0,370.0,700.0
10.0,81.9,1.0,2.9,33.757009,34.125265,40.451121,3935415701.0,390.0,760.0
10.0,81.9,1.0,2.9,33.531353,33.654541,40.927105,3935415959.0,390.0,740.0
10.0,81.9,1.0,2.9,33.96595,34.036781,39.984766,3935416217.0,390.0,740.0
10.0,81.9,1.0,2.9,33.918337,34.410993,39.982294,3935416475.0,390.0,720.0
10.0,81.9,1.0,2.9,33.30026,33.799963,39.875094,3935416733.0,410.0,760.0
10.0,81.9,1.0,2.9,33.775625,33.848158,40.144076,3935416991.0,390.0,740.0
10.0,81.9,1.0,2.9,33.431396,33.580818,40.108439,3935417249.0,390.0,740.0
10.0,81.9,1.0,2.9,33.830736,33.805681,39.855232,3935417507.0,390.0,740.0
10.0,81.9,1.0,2.9,33.720806,34.165622,40.852142,3935417765.0,390.0,740.0
10.0,81.9,1.0,2.9,32.876107,33.93198,40.551663,3935418023.0,390.0,740.0
10.0,81.9,1.0,2.9,33.318539,33.360425,40.052189,3935418281.0,390.0,760.0
10.0,81.9,1.0,2.9,33.906875,34.129423,40.056671,3935418539.0,390.0,740.0
10.0,81.9,1.0,2.9,34.052698,34.10446,39.823678,3935418797.0,390.0,740.0
10.0,81.9,1.0,2.9,33.100614,33.296732,40.124834,3935419055.0,390.0,720.0
10.0,81.9,1.0,2.9,33.375893,32.881509,40.621134,3935419313.0,390.0,760.0
10.0,81.9,1.0,2.9,33.954158,33.997149,39.446136,3935419571.0,390.0,740.0
10.0,81.9,1.0,2.9,33.370706,33.408459,39.586256,3935419829.0,390.0,740.0
10.0,81.9,1.0,2.9,33.436095,33.915225,39.672018,3935420087.0,390.0,740.0
10.0,81.9,1.0,2.9,33.080635,33.164434,40.126145,3935420345.0,390.0,740.0
10.0,81.9,1.0,2.9,33.759865,33.84314,39.966152,3935420603.0,390.0,740.0
10.0,81.9,1.0,2.9,33.5389,33.629341,39.734453,3935420864.0,390.0,740.0
