10.0,81.9,1.0,2.9,97.285243,94.811683,41.688534,3964630014.0,430.0,1020.0,33.318866,128.0,17.0
10.0,81.9,1.0,2.9,83.965669,81.765171,41.499521,3964630256.0,430.0,880.0,21.081022,128.0,65.0
10.0,81.9,1.0,2.9,83.349127,80.739531,39.994586,3964630456.0,450.0,900.0,23.743996,128.0,131.0
10.0,81.9,1.0,2.9,82.549824,80.807195,39.1912,3964630656.0,450.0,900.0,22.356702,128.0,132.0
10.0,81.9,1.0,2.9,82.16753,81.27487,42.168733,3964630856.0,430.0,900.0,25.337851,128.0,132.0
10.0,81.9,1.0,2.9,81.587775,81.25578,41.047532,3964631055.0,430.0,900.0,27.245924,128.0,131.0
10.0,81.9,1.0,2.9,81.702199,80.781935,41.46039,3964631255.0,450.0,920.0,15.755656,128.0,131.0
10.0,81.9,1.0,2.9,81.287707,80.630431,41.551324,3964631455.0,430.0,880.0,18.221017,128.0,132.0
10.0,81.9,1.0,2.9,81.551115,80.637839,40.046342,3964631655.0,430.0,880.0,19.189937,128.0,132.0
10.0,81.9,1.0,2.9,79.832561,78.519037,40.720417,3964631855.0,450.0,920.0,20.349591,128.0,131.0
10.0,81.9,1.0,2.9,86.517786,85.835639,39.593571,3964642986.0,450.0,860.0,23.432958,128.0,261.0
10.0,81.9,1.0,2.9,84.225986,83.702786,41.67181,3964643186.0,430.0,820.0,22.133523,128.0,131.0
10.0,81.9,1.0,2.9,83.856369,83.072443,41.296968,3964643385.0,430.0,840.0,22.469497,128.0,132.0
10.0,81.9,1.0,2.9,82.5312,82.596634,40.784236,3964643585.0,430.0,820.0,11.508266,128.0,132.0
10.0,81.9,1.0,2.9,82.860336,82.442663,40.513959,3964643785.0,430.0,840.0,17.221443,128.0,131.0
10.0,81.9,1.0,2.9,80.453668,80.015165,40.33071,3964643985.0,430.0,840.0,23.252215,128.0,131.0
10.0,81.9,1.0,2.9,80.714736,79.920085,40.775491,3964644185.0,430.0,840.0,25.798269,128.0,131.0
10.0,81.9,1.0,2.9,80.779269,80.031352,39.484317,3964644384.0,430.0,840.0,26.353679,128.0,132.0
10.0,81.9,1.0,2.9,78.786237,78.282323,40.336789,3964644584.0,430.0,860.0,20.591924,128.0,132.0
10.0,81.9,1.0,2.9,78.379015,78.144851,41.155624,3964644784.0,430.0,880.0,23.040671,128.0,132.0
10.0,81.9,1.0,2.9,83.643422,83.363188,41.904267,3964655916.0,430.0,820.0,25.190297,128.0,262.0
10.0,81.9,1.0,2.9,81.477805,80.890007,39.525574,3964656116.0,430.0,820.0,22.548782,128.0,131.0
10.0,81.9,1.0,2.9,80.521923,80.306548,41.975976,3964656316.0,430.0,840.0,25.653363,128.0,132.0
10.0,81.9,1.0,2.9,79.249546,79.081678,41.606902,3964656516.0,430.0,820.0,22.571144,128.0,132.0
10.0,81.9,1.0,2.9,78.670317,78.231836,39.915392,3964656717.0,450.0,860.0,18.686457,128.0,131.0
10.0,81.9,1.0,2.9,77.552031,77.015957,39.975412,3964656917.0,430.0,820.0,23.116834,128.0,131.0
10.0,81.9,1.0,2.9,77.789835,77.550812,40.73516,3964657117.0,450.0,860.0,19.059062,128.0,131.0
10.0,81.9,1.0,2.9,77.242627,76.883966,39.956118,3964657317.0,430.0,840.0,18.794576,128.0,131.0
10.0,81.9,1.0,2.9,75.879589,75.916607,40.977276,3964657517.0,450.0,860.0,22.16646,128.0,132.0
10.0,81.9,1.0,2.9,75.808779,75.533948,42.022609,3964657717.0,430.0,840.0,22.412663,128.0,132.0
10.0,81.9,1.0,2.9,79.374664,79.075346,40.934719,3964668849.0,430.0,820.0,17.625913,128.0,262.0
10.0,81.9,1.0,2.9,77.626594,77.582987,40.626353,3964669049.0,430.0,820.0,28.952755,128.0,132.0
10.0,81.9,1.0,2.9,76.715528,76.733439,40.569697,3964669249.0,450.0,840.0,15.460413,128.0,132.0
10.0,81.9,1.0,2.9,75.714706,74.992945,40.637655,3964669450.0,430.0,820.0,20.276176,128.0,131.0
10.0,81.9,1.0,2.9,75.236408,74.959813,40.717952,3964669650.0,430.0,820.0,21.724856,128.0,132.0
10.0,81.9,1.0,2.9,75.140376,74.910798,40.901413,3964669850.0,410.0,820.0,21.408315,128.0,132.0
10.0,81.9,1.0,2.9,75.126692,74.755865,40.594285,3964670050.0,430.0,840.0,22.646083,128.0,132.0
10.0,81.9,1.0,2.9,74.761303,74.344234,40.500085,3964670250.0,430.0,820.0,24.455128,128.0,132.0
10.0,81.9,1.0,2.9,74.562296,74.082119,41.018875,3964670451.0,430.0,840.0,22.437489,128.0,131.0
10.0,81.9,1.0,2.9,73.599377,73.631165,40.078037,3964670651.0,430.0,860.0,12.791234,128.0,131.0
10.0,81.9,1.0,2.9,76.899155,76.632785,40.658976,3964681782.0,430.0,820.0,18.573212,128.0,262.0
10.0,81.9,1.0,2.9,74.818386,75.112019,41.492401,3964681982.0,430.0,840.0,12.027485,128.0,131.0
10.0,81.9,1.0,2.9,73.78018,73.567887,41.111403,3964682183.0,430.0,840.0,21.098036,128.0,132.0
10.0,81.9,1.0,2.9,73.537579,73.311796,40.855291,3964682383.0,430.0,820.0,13.297922,128.0,132.0
10.0,81.9,1.0,2.9,73.990402,73.78038,40.133447,3964682583.0,430.0,820.0,16.857266,128.0,131.0
10.0,81.9,1.0,2.9,72.053184,72.045933,41.137461,3964682792.0,430.0,840.0,20.732812,128.0,140.0
10.0,81.9,1.0,2.9,72.944433,72.575648,40.771967,3964682993.0,430.0,840.0,13.903245,128.0,132.0
10.0,81.9,1.0,2.9,72.886471,72.723423,40.91812,3964683193.0,430.0,820.0,18.920386,128.0,132.0
10.0,81.9,1.0,2.9,72.633581,71.96379,40.316193,3964683393.0,430.0,840.0,22.261056,128.0,132.0
10.0,81.9,1.0,2.9,71.994382,72.009511,41.149544,3964683593.0,430.0,860.0,15.320189,128.0,131.0
10.0,81.9,1.0,2.9,73.950222,74.121431,40.382736,3964694724.0,410.0,800.0,18.379771,128.0,261.0
10.0,81.9,1.0,2.9,72.959014,72.476527,39.494536,3964694925.0,430.0,820.0,26.246844,128.0,132.0
10.0,81.9,1.0,2.9,71.636799,71.570587,40.590795,3964695125.0,430.0,820.0,18.769208,128.0,131.0
10.0,81.9,1.0,2.9,71.635854,71.147864,41.587466,3964695325.0,430.0,840.0,12.225237,128.0,132.0
10.0,81.9,1.0,2.9,70.495546,70.748574,38.328127,3964695526.0,430.0,840.0,9.874671,128.0,131.0
10.0,81.9,1.0,2.9,71.302521,71.244977,42.929881,3964695726.0,430.0,820.0,25.084705,128.0,132.0
10.0,81.9,1.0,2.9,69.637984,69.319178,40.932991,3964695927.0,430.0,840.0,20.954366,128.0,132.0
10.0,81.9,1.0,2.9,69.531391,68.925325,40.695428,3964696127.0,430.0,840.0,15.560432,128.0,131.0
10.0,81.9,1.0,2.9,70.00894,70.402454,42.06459,3964696328.0,430.0,840.0,19.597272,128.0,132.0
10.0,81.9,1.0,2.9,68.713965,68.478391,40.488976,3964696528.0,430.0,840.0,18.724769,128.0,131.0
10.0,81.9,1.0,2.9,71.305486,70.800061,40.604798,3964707660.0,410.0,780.0,26.355922,128.0,262.0
10.0,81.9,1.0,2.9,69.899432,70.115149,40.583541,3964707860.0,450.0,820.0,21.167262,128.0,131.0
10.0,81.9,1.0,2.9,70.438397,70.380056,40.635673,3964708060.0,430.0,820.0,17.007377,128.0,132.0
10.0,81.9,1.0,2.9,68.771222,69.339225,41.372593,3964708260.0,430.0,800.0,22.532863,128.0,132.0
10.0,81.9,1.0,2.9,68.751564,68.637191,40.412614,3964708460.0,430.0,820.0,25.069212,128.0,132.0
10.0,81.9,1.0,2.9,69.001452,69.211929,40.78435,3964708661.0,430.0,840.0,9.1322,128.0,131.0
10.0,81.9,1.0,2.9,68.135323,68.051135,40.616554,3964708861.0,430.0,820.0,18.640121,128.0,131.0
10.0,81.9,1.0,2.9,66.966077,66.876417,41.49456,3964709061.0,430.0,840.0,16.683149,128.0,132.0
10.0,81.9,1.0,2.9,66.8597,67.102884,40.16842,3964709261.0,430.0,840.0,12.730944,128.0,132.0
10.0,81.9,1.0,2.9,66.494288,66.521899,41.009338,3964709462.0,430.0,840.0,20.660296,128.0,131.0
10.0,81.9,1.0,2.9,69.047946,69.076298,40.992096,3964720593.0,450.0,840.0,19.957004,128.0,262.0
10.0,81.9,1.0,2.9,68.26946,67.853006,41.453916,3964720793.0,430.0,800.0,18.063608,128.0,132.0
10.0,81.9,1.0,2.9,67.182058,67.453171,41.245054,3964720993.0,430.0,820.0,21.152276,128.0,131.0
10.0,81.9,1.0,2.9,66.645313,66.982572,40.604082,3964721194.0,430.0,800.0,14.414032,128.0,132.0
10.0,81.9,1.0,2.9,66.418785,66.502459,40.714046,3964721394.0,410.0,800.0,12.742152,128.0,132.0
10.0,81.9,1.0,2.9,65.991298,66.212507,39.968977,3964721595.0,430.0,820.0,15.620777,128.0,131.0
10.0,81.9,1.0,2.9,65.846731,65.647225,41.443257,3964721801.0,430.0,820.0,17.146864,128.0,138.0
10.0,81.9,1.0,2.9,65.334545,65.311232,40.280272,3964722001.0,430.0,820.0,17.789435,128.0,131.0
10.0,81.9,1.0,2.9,65.143899,65.527864,39.452531,3964722202.0,430.0,840.0,16.620943,128.0,131.0
10.0,81.9,1.0,2.9,65.242442,65.174366,39.821885,3964722402.0,430.0,840.0,15.592872,128.0,132.0
10.0,81.9,1.0,2.9,66.39788,66.658954,41.456299,3964733533.0,430.0,820.0,13.475697,128.0,262.0
10.0,81.9,1.0,2.9,66.516979,66.272149,40.955649,3964733734.0,450.0,840.0,16.543532,128.0,132.0
10.0,81.9,1.0,2.9,66.020912,65.407084,40.209474,3964733934.0,430.0,840.0,19.484855,128.0,131.0
10.0,81.9,1.0,2.9,64.463345,64.495718,40.644319,3964734135.0,430.0,840.0,20.276138,128.0,132.0
10.0,81.9,1.0,2.9,65.033919,65.312442,41.693646,3964734336.0,450.0,860.0,14.686442,128.0,132.0
10.0,81.9,1.0,2.9,64.488284,64.450526,38.912655,3964734536.0,430.0,860.0,17.585867,128.0,131.0
10.0,81.9,1.0,2.9,63.954222,63.72814,39.445201,3964734737.0,430.0,860.0,20.288806,128.0,132.0
10.0,81.9,1.0,2.9,62.848487,62.803889,40.290751,3964734938.0,430.0,840.0,16.319932,128.0,132.0
10.0,81.9,1.0,2.9,63.051577,62.950783,40.871214,3964735138.0,450.0,880.0,13.107174,128.0,131.0
10.0,81.9,1.0,2.9,62.637895,62.663353,40.093327,3964735339.0,410.0,840.0,23.715693,128.0,132.0
10.0,81.9,1.0,2.9,64.744317,65.003144,40.441022,3964746471.0,450.0,840.0,17.147444,128.0,262.0
10.0,81.9,1.0,2.9,63.49159,63.207903,41.005969,3964746671.0,450.0,840.0,18.369785,128.0,132.0
10.0,81.9,1.0,2.9,64.071431,63.957131,40.844673,3964746872.0,430.0,840.0,15.575722,128.0,132.0
10.0,81.9,1.0,2.9,63.157475,62.840255,40.751291,3964747072.0,430.0,840.0,23.528538,128.0,131.0
10.0,81.9,1.0,2.9,62.240269,61.91695,40.662661,3964747277.0,430.0,840.0,16.726415,128.0,136.0
10.0,81.9,1.0,2.9,62.537303,62.678772,40.587554,3964747477.0,450.0,840.0,17.363219,128.0,131.0
10.0,81.9,1.0,2.9,62.181888,61.855673,40.335418,3964747677.0,430.0,840.0,18.291402,128.0,132.0
10.0,81.9,1.0,2.9,61.459315,61.445176,41.850656,3964747878.0,430.0,860.0,21.441235,128.0,132.0
10.0,81.9,1.0,2.9,61.262059,61.707383,41.003072,3964748078.0,450.0,860.0,12.3721,128.0,131.0
10.0,81.9,1.0,2.9,60.700444,60.535052,39.597808,3964748278.0,430.0,860.0,18.975365,128.0,132.0
10.0,81.9,1.0,2.9,62.178206,61.80516,40.709956,3964759410.0,430.0,820.0,14.600005,128.0,262.0
10.0,81.9,1.0,2.9,62.141961,62.053092,40.719582,3964759610.0,430.0,820.0,15.518705,128.0,132.0
10.0,81.9,1.0,2.9,61.848376,62.130991,41.056301,3964759811.0,450.0,840.0,22.631841,128.0,132.0
10.0,81.9,1.0,2.9,59.987637,60.102218,41.052349,3964760012.0,450.0,820.0,18.62912,128.0,132.0
10.0,81.9,1.0,2.9,60.514491,60.807406,41.511779,3964760212.0,470.0,860.0,14.35007,128.0,132.0
10.0,81.9,1.0,2.9,60.136153,60.439434,40.640072,3964760413.0,430.0,840.0,15.270352,128.0,131.0
10.0,81.9,1.0,2.9,60.111623,59.761692,41.673179,3964760614.0,430.0,820.0,19.347456,128.0,131.0
10.0,81.9,1.0,2.9,59.383926,59.407604,40.445934,3964760815.0,450.0,840.0,18.627623,128.0,131.0
10.0,81.9,1.0,2.9,61.137596,60.379782,40.791401,3964761015.0,430.0,860.0,17.425128,128.0,130.0
10.0,81.9,1.0,2.9,59.87564,59.57007,39.738344,3964761216.0,450.0,880.0,22.115168,128.0,131.0
10.0,81.9,1.0,2.9,60.898952,60.520557,41.169844,3964772347.0,430.0,820.0,21.304916,128.0,262.0
10.0,81.9,1.0,2.9,60.665506,60.346694,41.51712,3964772548.0,430.0,840.0,19.500507,128.0,131.0
10.0,81.9,1.0,2.9,58.824641,59.064035,41.219775,3964772748.0,430.0,840.0,16.823243,128.0,131.0
10.0,81.9,1.0,2.9,58.114018,58.474025,40.815303,3964772949.0,450.0,860.0,12.82276,128.0,132.0
10.0,81.9,1.0,2.9,59.182671,59.103492,40.662029,3964773150.0,430.0,820.0,25.446043,128.0,131.0
10.0,81.9,1.0,2.9,58.571788,57.916343,39.894784,3964773350.0,430.0,820.0,17.168208,128.0,132.0
10.0,81.9,1.0,2.9,58.297707,57.732015,41.508492,3964773551.0,450.0,860.0,13.460763,128.0,132.0
10.0,81.9,1.0,2.9,57.393436,57.426706,40.867227,3964773752.0,430.0,840.0,15.644287,128.0,132.0
10.0,81.9,1.0,2.9,57.844928,57.735179,39.746433,3964773953.0,450.0,880.0,16.589892,128.0,131.0
10.0,81.9,1.0,2.9,58.694111,58.841091,41.019578,3964774154.0,430.0,860.0,15.135678,128.0,131.0
10.0,81.9,1.0,2.9,59.350689,59.289898,41.743622,3964785286.0,430.0,840.0,23.296288,128.0,261.0
10.0,81.9,1.0,2.9,58.481312,58.4538,39.879348,3964785487.0,430.0,820.0,16.12547,128.0,131.0
10.0,81.9,1.0,2.9,57.764217,57.667214,40.525079,3964785687.0,430.0,820.0,22.024986,128.0,132.0
10.0,81.9,1.0,2.9,57.67195,57.688959,41.14924,3964785888.0,430.0,820.0,17.344488,128.0,132.0
10.0,81.9,1.0,2.9,56.894734,56.754219,41.026663,3964786089.0,450.0,860.0,22.524356,128.0,132.0
10.0,81.9,1.0,2.9,57.317444,57.254998,42.081053,3964786289.0,450.0,860.0,19.124402,128.0,131.0
10.0,81.9,1.0,2.9,57.128772,56.621508,40.588795,3964786490.0,430.0,840.0,17.771265,128.0,132.0
10.0,81.9,1.0,2.9,56.654313,56.932032,40.454104,3964786691.0,450.0,880.0,14.781699,128.0,132.0
10.0,81.9,1.0,2.9,56.325998,55.586751,40.810436,3964786892.0,430.0,840.0,16.164453,128.0,132.0
10.0,81.9,1.0,2.9,55.602827,55.683558,41.366896,3964787092.0,450.0,880.0,15.509999,128.0,131.0
10.0,81.9,1.0,2.9,57.527219,57.462409,40.258765,3964798224.0,450.0,840.0,16.640374,128.0,262.0
10.0,81.9,1.0,2.9,57.006426,56.759603,41.900566,3964798425.0,450.0,840.0,19.303849,128.0,131.0
10.0,81.9,1.0,2.9,56.648432,56.557983,42.244573,3964798626.0,450.0,840.0,16.650226,128.0,132.0
10.0,81.9,1.0,2.9,56.889562,56.619052,41.787099,3964798826.0,450.0,840.0,15.157044,128.0,131.0
10.0,81.9,1.0,2.9,57.156949,56.872406,40.115163,3964799027.0,430.0,840.0,15.488981,128.0,132.0
10.0,81.9,1.0,2.9,57.020907,56.442401,39.89219,3964799227.0,430.0,860.0,15.152359,128.0,132.0
10.0,81.9,1.0,2.9,55.508771,55.453745,40.824867,3964799428.0,430.0,840.0,14.083205,128.0,132.0
10.0,81.9,1.0,2.9,55.443781,55.230763,40.133656,3964799628.0,430.0,820.0,14.594381,128.0,132.0
10.0,81.9,1.0,2.9,55.999429,55.506125,41.751182,3964799829.0,430.0,840.0,22.288713,128.0,131.0
10.0,81.9,1.0,2.9,54.710682,54.353158,42.361464,3964800030.0,450.0,880.0,22.827781,128.0,132.0
10.0,81.9,1.0,2.9,57.443456,57.559401,41.253282,3964878471.0,450.0,840.0,19.12849,128.0,261.0
10.0,81.9,1.0,2.9,56.087254,56.270138,41.325226,3964878672.0,450.0,860.0,20.583194,128.0,132.0
10.0,81.9,1.0,2.9,55.834416,55.896974,41.074336,3964878872.0,430.0,840.0,15.778013,128.0,131.0
10.0,81.9,1.0,2.9,54.92641,55.010636,42.045129,3964879072.0,450.0,860.0,19.559582,128.0,131.0
10.0,81.9,1.0,2.9,54.902547,54.806152,40.651271,3964959238.0,450.0,900.0,11.659602,128.0,132.0
10.0,81.9,1.0,2.9,58.324374,58.147022,41.353151,3964959439.0,450.0,880.0,16.671415,128.0,132.0
10.0,81.9,1.0,2.9,59.281977,59.251694,42.086058,3964960309.0,450.0,900.0,20.939157,128.0,21.0
10.0,81.9,1.0,2.9,57.334486,57.327279,43.34909,3964960510.0,450.0,900.0,16.077407,128.0,131.0
10.0,81.9,1.0,2.9,57.451951,56.393399,43.306864,3964960710.0,450.0,900.0,11.221213,128.0,48.0
10.0,81.9,1.0,2.9,57.014756,56.420415,41.990574,3964960911.0,430.0,840.0,20.696849,128.0,132.0
10.0,81.9,1.0,2.9,57.403523,57.191123,44.005274,3964972042.0,430.0,800.0,9.93983,128.0,262.0
10.0,81.9,1.0,2.9,57.479259,57.701455,42.479745,3964972242.0,430.0,820.0,17.459321,128.0,131.0
10.0,81.9,1.0,2.9,56.994301,56.391337,43.837749,3964972443.0,430.0,820.0,13.778263,128.0,131.0
10.0,81.9,1.0,2.9,56.693593,56.360022,43.822726,3964972643.0,410.0,780.0,16.907667,128.0,132.0
10.0,81.9,1.0,2.9,57.025351,56.446265,43.499976,3964972844.0,430.0,820.0,20.281156,128.0,131.0
10.0,81.9,1.0,2.9,55.340377,55.024808,42.999586,3964973044.0,430.0,800.0,18.56865,128.0,132.0
10.0,81.9,1.0,2.9,55.363837,55.524715,44.32366,3964973245.0,430.0,800.0,19.622252,128.0,131.0
10.0,81.9,1.0,2.9,55.985276,55.515529,43.861121,3964973445.0,410.0,780.0,20.735544,128.0,132.0
10.0,81.9,1.0,2.9,55.807654,55.393812,43.208084,3964973645.0,430.0,800.0,16.661608,128.0,131.0
10.0,81.9,1.0,2.9,55.806676,55.909398,43.710707,3964973846.0,450.0,840.0,16.563162,128.0,131.0
10.0,81.9,1.0,2.9,55.784232,55.150259,43.232976,3965041235.0,450.0,860.0,15.495664,128.0,262.0
10.0,81.9,1.0,2.9,55.756707,55.248623,43.301249,3965041435.0,450.0,860.0,19.161675,128.0,131.0
10.0,81.9,1.0,2.9,54.956903,54.655,43.263597,3965041635.0,430.0,860.0,20.073927,128.0,131.0
10.0,81.9,1.0,2.9,54.490513,54.291622,43.388944,3965041836.0,450.0,880.0,19.810975,128.0,132.0
10.0,81.9,1.0,2.9,55.279323,55.135892,44.350449,3965042036.0,430.0,840.0,16.412093,128.0,131.0
10.0,81.9,1.0,2.9,54.565997,54.141691,43.718989,3965042237.0,450.0,880.0,19.070596,128.0,131.0
10.0,81.9,1.0,2.9,54.377067,54.403723,43.462791,3965042437.0,430.0,880.0,19.225091,128.0,131.0
10.0,81.9,1.0,2.9,54.581366,54.276695,43.624405,3965042638.0,450.0,880.0,18.844826,128.0,132.0
10.0,81.9,1.0,2.9,53.731054,53.694504,42.932256,3965042838.0,430.0,860.0,16.683632,128.0,131.0
10.0,81.9,1.0,2.9,53.456644,53.766774,41.927088,3965043039.0,430.0,860.0,16.869102,128.0,132.0
10.0,81.9,1.0,2.9,54.448985,53.728524,42.849338,3965054170.0,430.0,800.0,23.035507,128.0,262.0
10.0,81.9,1.0,2.9,53.643046,53.051762,42.905774,3965054371.0,430.0,800.0,19.296116,128.0,131.0
10.0,81.9,1.0,2.9,54.03114,53.471638,43.296565,3965054572.0,430.0,800.0,13.185583,128.0,132.0
10.0,81.9,1.0,2.9,52.23713,51.964832,43.771165,3965054772.0,430.0,800.0,17.368662,128.0,131.0
10.0,81.9,1.0,2.9,54.364393,54.297949,42.998052,3965054973.0,430.0,820.0,12.336408,128.0,132.0
10.0,81.9,1.0,2.9,53.598803,54.148284,43.524357,3965055173.0,430.0,800.0,12.765407,128.0,131.0
10.0,81.9,1.0,2.9,52.420395,51.964365,43.127826,3965055374.0,430.0,820.0,14.635117,128.0,132.0
10.0,81.9,1.0,2.9,53.783242,53.11801,43.14507,3965055573.0,410.0,800.0,10.9118,128.0,131.0
10.0,81.9,1.0,2.9,53.067053,52.799282,43.588309,3965055773.0,430.0,840.0,18.972715,128.0,131.0
10.0,81.9,1.0,2.9,53.234631,52.707308,43.591188,3965055972.0,430.0,860.0,21.793341,128.0,132.0
10.0,81.9,1.0,2.9,55.330587,55.076781,43.227691,3965213235.0,450.0,840.0,14.577776,128.0,262.0
10.0,81.9,1.0,2.9,59.005282,58.683196,42.569047,3965213477.0,450.0,860.0,14.810662,128.0,28.0
10.0,81.9,1.0,2.9,57.671676,57.81627,43.474309,3965213677.0,430.0,800.0,14.031869,128.0,132.0
10.0,81.9,1.0,2.9,57.76315,57.824958,42.383296,3965213877.0,450.0,840.0,12.28663,128.0,131.0
10.0,81.9,1.0,2.9,57.77508,57.656954,44.037378,3965214077.0,430.0,820.0,11.719405,128.0,131.0
10.0,81.9,1.0,2.9,57.447799,57.093257,43.608154,3965214276.0,430.0,820.0,27.331297,128.0,132.0
10.0,81.9,1.0,2.9,57.584568,57.352831,41.566485,3965214476.0,430.0,820.0,18.43799,128.0,131.0
10.0,81.9,1.0,2.9,57.501356,56.785313,43.966162,3965214675.0,430.0,840.0,12.811111,128.0,131.0
10.0,81.9,1.0,2.9,57.664701,57.433086,43.895012,3965214875.0,430.0,820.0,13.123051,128.0,131.0
10.0,81.9,1.0,2.9,57.498592,56.986211,44.638755,3965215075.0,430.0,820.0,14.429234,128.0,131.0
10.0,81.9,1.0,2.9,58.955579,58.857717,41.514301,3965227609.0,430.0,760.0,11.106985,128.0,262.0
10.0,81.9,1.0,2.9,59.367037,58.989584,44.402304,3965227809.0,430.0,780.0,16.190791,128.0,132.0
10.0,81.9,1.0,2.9,58.772479,58.315003,42.443831,3965228009.0,430.0,780.0,17.679844,128.0,131.0
10.0,81.9,1.0,2.9,59.060628,58.525972,43.733457,3965228208.0,410.0,760.0,24.909387,128.0,131.0
10.0,81.9,1.0,2.9,58.631149,58.324662,44.180909,3965228408.0,410.0,760.0,13.908039,128.0,132.0
10.0,81.9,1.0,2.9,58.469356,57.900818,44.055483,3965228607.0,410.0,780.0,15.910009,128.0,131.0
10.0,81.9,1.0,2.9,58.107087,57.696513,43.935123,3965228807.0,410.0,740.0,16.632957,128.0,132.0
10.0,81.9,1.0,2.9,58.559487,58.434317,43.654295,3965229007.0,410.0,780.0,14.106411,128.0,131.0
10.0,81.9,1.0,2.9,58.427863,57.926064,43.079624,3965229206.0,430.0,800.0,21.562628,128.0,131.0
10.0,81.9,1.0,2.9,58.425693,58.140747,42.205692,3965229406.0,410.0,800.0,16.629494,128.0,132.0
10.0,81.9,1.0,2.9,58.804598,58.548098,41.875585,3965325885.0,450.0,800.0,14.650302,128.0,262.0
10.0,81.9,1.0,2.9,58.483697,58.047908,42.422333,3965326084.0,430.0,780.0,15.554244,128.0,132.0
10.0,81.9,1.0,2.9,58.23852,57.946066,42.892751,3965326284.0,430.0,780.0,13.559764,128.0,131.0
10.0,81.9,1.0,2.9,58.01018,57.475076,43.639235,3965326484.0,410.0,760.0,29.739663,128.0,131.0
10.0,81.9,1.0,2.9,57.660142,56.683633,43.302197,3965326683.0,410.0,780.0,20.80087,128.0,132.0
10.0,81.9,1.0,2.9,58.19218,57.618033,43.858213,3965326883.0,410.0,740.0,14.608356,128.0,132.0
10.0,81.9,1.0,2.9,58.278463,57.418475,42.693773,3965327083.0,410.0,760.0,22.028008,128.0,131.0
10.0,81.9,1.0,2.9,57.764821,57.266647,43.964404,3965327284.0,430.0,800.0,6.910141,128.0,132.0
10.0,81.9,1.0,2.9,56.49626,56.195101,44.387275,3965327484.0,430.0,800.0,16.883499,128.0,131.0
10.0,81.9,1.0,2.9,57.469796,57.095027,42.405463,3965327683.0,430.0,820.0,10.784973,128.0,132.0
10.0,81.9,1.0,2.9,57.849727,57.859871,43.201842,3965411278.0,410.0,740.0,10.214709,128.0,262.0
10.0,81.9,1.0,2.9,57.449233,57.320707,42.894329,3965411478.0,430.0,780.0,16.666968,128.0,131.0
10.0,81.9,1.0,2.9,57.238735,56.586852,43.881897,3965411678.0,410.0,760.0,18.514369,128.0,131.0
10.0,81.9,1.0,2.9,56.365789,56.093791,44.008064,3965411879.0,410.0,740.0,19.678699,128.0,132.0
10.0,81.9,1.0,2.9,57.474878,56.872295,42.981651,3965412079.0,430.0,780.0,11.910166,128.0,132.0
10.0,81.9,1.0,2.9,57.468639,56.900937,42.391035,3965412279.0,410.0,760.0,16.62938,128.0,131.0
10.0,81.9,1.0,2.9,56.18,56.270585,44.199945,3965412479.0,430.0,820.0,11.590625,128.0,131.0
10.0,81.9,1.0,2.9,56.356379,56.151042,43.270204,3965412679.0,410.0,780.0,13.431715,128.0,131.0
10.0,81.9,1.0,2.9,57.490592,56.953562,42.856776,3965412879.0,430.0,800.0,14.809402,128.0,131.0
10.0,81.9,1.0,2.9,56.485723,56.247401,43.470462,3965413078.0,430.0,800.0,22.979794,128.0,132.0
10.0,81.9,1.0,2.9,58.079455,57.705271,43.626959,3965492008.0,410.0,740.0,17.804513,128.0,262.0
10.0,81.9,1.0,2.9,0.0,0.0,43.2,3965492211.0,0.0,0.0,0.0,128.0,110.0
10.0,81.9,1.0,2.9,0.0,0.0,43.2,3965492411.0,0.0,0.0,0.0,128.0,0.0
10.0,81.9,1.0,2.9,0.0,0.0,43.2,3965492610.0,0.0,0.0,0.0,128.0,0.0
10.0,81.9,1.0,2.9,0.0,0.0,43.2,3965492810.0,0.0,0.0,0.0,128.0,0.0
10.0,81.9,1.0,2.9,0.0,0.0,43.2,3965493010.0,0.0,0.0,0.0,128.0,0.0
10.0,81.9,1.0,2.9,0.0,0.0,43.2,3965493209.0,0.0,0.0,0.0,128.0,0.0
10.0,81.9,1.0,2.9,0.0,0.0,43.2,3965493409.0,0.0,0.0,0.0,128.0,0.0
10.0,81.9,1.0,2.9,0.0,0.0,43.2,3965493609.0,0.0,0.0,0.0,128.0,0.0
10.0,81.9,1.0,2.9,57.057592,56.781712,42.870078,3965521303.0,410.0,740.0,20.053719,128.0,20.0
10.0,81.9,1.0,2.9,58.085387,57.439467,43.648138,3965521502.0,390.0,720.0,20.525149,128.0,132.0
10.0,81.9,1.0,2.9,57.008268,56.373416,43.608775,3965521702.0,430.0,760.0,19.866154,128.0,132.0
10.0,81.9,1.0,2.9,57.280672,57.092416,42.565129,3965521902.0,410.0,760.0,21.070325,128.0,131.0
10.0,81.9,1.0,2.9,-1042.2,156.33,43.3,3965522260.0,430.0,780.0,0.0,128.0,20.0
10.0,81.9,1.0,2.9,57.028687,56.427306,43.276963,3965522466.0,410.0,760.0,16.492891,128.0,138.0
10.0,81.9,1.0,2.9,56.777386,56.687472,43.891766,3965522666.0,410.0,780.0,13.058503,128.0,131.0
10.0,81.9,1.0,2.9,56.965001,56.792716,43.307003,3965522866.0,410.0,760.0,9.310275,128.0,131.0
10.0,81.9,1.0,2.9,56.746345,56.547226,43.098833,3965523065.0,430.0,780.0,22.001683,128.0,132.0
10.0,81.9,1.0,2.9,56.646589,56.186277,43.54808,3965523265.0,410.0,780.0,15.366353,128.0,131.0
10.0,81.9,1.0,2.9,55.71737,55.658331,41.675963,3965523465.0,410.0,780.0,13.547633,128.0,132.0
10.0,81.9,1.0,2.9,55.526441,55.098776,43.829962,3965523665.0,410.0,780.0,20.544385,128.0,131.0
10.0,81.9,1.0,2.9,55.335443,54.948072,43.017513,3965523865.0,430.0,800.0,18.124138,128.0,131.0
10.0,81.9,1.0,2.9,55.774176,55.597769,43.289779,3965524065.0,430.0,800.0,17.06308,128.0,132.0
10.0,81.9,1.0,2.9,56.034531,55.714144,43.019077,3965535196.0,410.0,760.0,14.19191,128.0,262.0
10.0,81.9,1.0,2.9,55.050239,54.688436,43.309084,3965535396.0,410.0,740.0,18.877236,128.0,132.0
10.0,81.9,1.0,2.9,53.980046,53.382923,41.731379,3965535596.0,410.0,720.0,12.162304,128.0,132.0
10.0,81.9,1.0,2.9,54.686318,54.265516,43.85339,3965535797.0,430.0,780.0,24.499273,128.0,131.0
10.0,81.9,1.0,2.9,54.791583,54.050665,44.568026,3965535997.0,390.0,720.0,25.041204,128.0,131.0
10.0,81.9,1.0,2.9,54.778891,54.636644,42.345846,3965536197.0,410.0,760.0,10.872613,128.0,132.0
10.0,81.9,1.0,2.9,54.46378,54.160331,43.73353,3965536398.0,430.0,760.0,19.053027,128.0,132.0
10.0,81.9,1.0,2.9,54.35229,53.789775,43.05518,3965536598.0,430.0,780.0,16.021373,128.0,131.0
10.0,81.9,1.0,2.9,55.048785,54.96319,43.906877,3965536798.0,410.0,780.0,8.507743,128.0,131.0
10.0,81.9,1.0,2.9,54.644746,54.034106,43.133647,3965536998.0,430.0,800.0,18.923604,128.0,132.0
10.0,81.9,1.0,2.9,0.0,0.0,43.2,3965548130.0,0.0,0.0,0.0,128.0,11.0
10.0,81.9,1.0,2.9,0.0,0.0,43.2,3965548330.0,0.0,0.0,0.0,128.0,0.0
10.0,81.9,1.0,2.9,0.0,0.0,43.2,3965548530.0,0.0,0.0,0.0,128.0,0.0
10.0,81.9,1.0,2.9,0.0,0.0,43.2,3965548730.0,0.0,0.0,0.0,128.0,0.0
10.0,81.9,1.0,2.9,0.0,0.0,43.2,3965548930.0,0.0,0.0,0.0,128.0,0.0
10.0,81.9,1.0,2.9,0.0,0.0,43.2,3965549130.0,0.0,0.0,0.0,128.0,0.0
10.0,81.9,1.0,2.9,0.0,0.0,43.2,3965549330.0,0.0,0.0,0.0,128.0,0.0
10.0,81.9,1.0,2.9,0.0,0.0,43.2,3965549530.0,0.0,0.0,0.0,128.0,0.0
10.0,81.9,1.0,2.9,0.0,0.0,43.2,3965549731.0,0.0,0.0,0.0,128.0,0.0
10.0,81.9,1.0,2.9,0.0,0.0,43.2,3965549931.0,0.0,0.0,0.0,128.0,0.0
10.0,81.9,1.0,2.9,54.924493,54.421268,43.807364,3965561063.0,430.0,840.0,20.990784,128.0,262.0
10.0,81.9,1.0,2.9,54.146665,53.702043,44.39705,3965561263.0,450.0,860.0,17.618417,128.0,132.0
10.0,81.9,1.0,2.9,53.975176,54.253965,42.548774,3965561462.0,430.0,840.0,21.373832,128.0,131.0
10.0,81.9,1.0,2.9,53.683572,53.731497,44.444648,3965561662.0,430.0,840.0,23.644004,128.0,131.0
10.0,81.9,1.0,2.9,53.972795,53.251698,41.700322,3965561862.0,430.0,840.0,21.364846,128.0,131.0
10.0,81.9,1.0,2.9,53.931587,53.667495,42.0174,3965562062.0,450.0,860.0,14.23238,128.0,131.0
10.0,81.9,1.0,2.9,53.500033,53.2939,42.908123,3965562262.0,430.0,860.0,17.547546,128.0,132.0
10.0,81.9,1.0,2.9,54.074484,53.897418,44.094095,3965562462.0,430.0,840.0,18.916038,128.0,131.0
10.0,81.9,1.0,2.9,54.230905,54.102448,43.240188,3965562662.0,430.0,840.0,24.270061,128.0,131.0
10.0,81.9,1.0,2.9,53.557394,53.331526,42.743667,3965562862.0,430.0,840.0,11.527274,128.0,131.0
10.0,81.9,1.0,2.9,52.303322,52.170207,43.985084,3965582119.0,470.0,1040.0,22.718046,128.0,262.0
10.0,81.9,1.0,2.9,52.434701,52.238731,43.947512,3965582319.0,470.0,1020.0,14.832451,128.0,131.0
10.0,81.9,1.0,2.9,51.773824,52.000492,43.962462,3965582518.0,450.0,980.0,12.320483,128.0,132.0
10.0,81.9,1.0,2.9,52.450185,52.187918,43.74208,3965582718.0,450.0,960.0,21.257326,128.0,131.0
10.0,81.9,1.0,2.9,52.124021,51.781847,41.457212,3965582918.0,450.0,960.0,21.90407,128.0,131.0
10.0,81.9,1.0,2.9,52.371,51.785841,42.718989,3965583118.0,450.0,940.0,18.359854,128.0,131.0
10.0,81.9,1.0,2.9,52.116865,51.450452,42.823819,3965583317.0,450.0,960.0,22.869336,128.0,132.0
10.0,81.9,1.0,2.9,51.113669,50.548955,42.896632,3965583518.0,450.0,960.0,18.621127,128.0,132.0
10.0,81.9,1.0,2.9,51.112688,50.761156,43.107981,3965583718.0,430.0,920.0,10.962347,128.0,131.0
10.0,81.9,1.0,2.9,50.932427,50.247936,42.66081,3965583918.0,430.0,920.0,18.630018,128.0,131.0
10.0,81.9,1.0,2.9,51.476741,50.816901,43.459591,3965645483.0,430.0,840.0,22.717284,128.0,261.0
10.0,81.9,1.0,2.9,51.357476,50.934899,44.208859,3965645683.0,450.0,880.0,17.358458,128.0,131.0
10.0,81.9,1.0,2.9,51.018386,50.691617,43.035676,3965645882.0,430.0,840.0,14.438524,128.0,131.0
10.0,81.9,1.0,2.9,51.23307,51.012538,41.637178,3965646082.0,430.0,860.0,21.280835,128.0,132.0
10.0,81.9,1.0,2.9,50.812172,50.250411,42.854769,3965646282.0,430.0,840.0,14.863297,128.0,132.0
10.0,81.9,1.0,2.9,51.859866,51.454485,43.713717,3965646482.0,410.0,820.0,28.831614,128.0,132.0
10.0,81.9,1.0,2.9,51.111704,51.110702,43.49205,3965646682.0,430.0,860.0,21.818918,128.0,132.0
10.0,81.9,1.0,2.9,51.6108,51.206328,43.495544,3965646881.0,450.0,920.0,24.047231,128.0,131.0
10.0,81.9,1.0,2.9,50.995711,50.745383,43.072392,3965647082.0,430.0,840.0,11.698899,128.0,130.0
10.0,81.9,1.0,2.9,50.669769,50.829321,43.563034,3965647281.0,430.0,880.0,17.295506,128.0,131.0
10.0,81.9,1.0,2.9,50.693138,50.558922,43.236686,3965664067.0,430.0,780.0,9.384954,128.0,262.0
10.0,81.9,1.0,2.9,51.020055,50.813159,43.41984,3965664267.0,410.0,780.0,12.05753,128.0,131.0
10.0,81.9,1.0,2.9,51.633124,51.07917,42.674942,3965664467.0,430.0,800.0,28.224405,128.0,132.0
10.0,81.9,1.0,2.9,50.605865,50.200534,41.491705,3965664666.0,430.0,780.0,14.996143,128.0,132.0
10.0,81.9,1.0,2.9,50.162625,49.57329,41.988593,3965664866.0,430.0,780.0,21.343787,128.0,131.0
10.0,81.9,1.0,2.9,50.83429,50.354758,42.929165,3965665066.0,410.0,760.0,16.145236,128.0,132.0
10.0,81.9,1.0,2.9,51.547173,51.212838,41.348839,3965665266.0,430.0,800.0,19.188762,128.0,132.0
10.0,81.9,1.0,2.9,50.20322,50.028784,45.187187,3965665465.0,430.0,800.0,16.165685,128.0,131.0
10.0,81.9,1.0,2.9,49.860538,49.812126,45.61617,3965665666.0,410.0,780.0,9.797222,128.0,132.0
10.0,81.9,1.0,2.9,49.794948,49.672717,42.492297,3965665866.0,430.0,800.0,10.993702,128.0,132.0
10.0,81.9,1.0,2.9,48.544916,48.141513,43.203272,3965728338.0,450.0,860.0,14.900778,128.0,261.0
10.0,81.9,1.0,2.9,48.006271,47.801336,43.167541,3965728539.0,410.0,780.0,11.563083,128.0,132.0
10.0,81.9,1.0,2.9,47.436526,46.704473,42.756438,3965728739.0,430.0,840.0,21.259577,128.0,131.0
10.0,81.9,1.0,2.9,47.890063,47.846442,43.292231,3965728939.0,430.0,860.0,13.908264,128.0,132.0
10.0,81.9,1.0,2.9,48.325766,47.710987,42.857872,3965729140.0,430.0,820.0,16.055316,128.0,132.0
10.0,81.9,1.0,2.9,47.765402,47.389979,43.165637,3965729341.0,430.0,860.0,11.544194,128.0,132.0
10.0,81.9,1.0,2.9,48.383684,48.179997,43.222659,3965729541.0,410.0,840.0,12.737011,128.0,132.0
10.0,81.9,1.0,2.9,47.308414,47.099051,44.203712,3965729742.0,430.0,860.0,14.717009,128.0,132.0
10.0,81.9,1.0,2.9,47.601458,47.378582,43.117957,3965729942.0,430.0,880.0,14.258704,128.0,131.0
10.0,81.9,1.0,2.9,47.930224,47.093505,42.896465,3965730143.0,430.0,880.0,18.720605,128.0,132.0
10.0,81.9,1.0,2.9,50.243112,49.98487,43.216919,3965816111.0,430.0,760.0,11.29982,128.0,262.0
10.0,81.9,1.0,2.9,47.764704,47.3932,42.687026,3965816311.0,430.0,780.0,16.739516,128.0,132.0
10.0,81.9,1.0,2.9,46.597789,46.504191,44.149659,3965816510.0,430.0,780.0,23.175706,128.0,131.0
10.0,81.9,1.0,2.9,47.016247,46.831388,44.05441,3965816711.0,430.0,780.0,20.921338,128.0,132.0
10.0,81.9,1.0,2.9,47.32832,46.694346,43.989715,3965816911.0,430.0,800.0,20.221309,128.0,132.0
10.0,81.9,1.0,2.9,47.383656,47.033992,42.651161,3965817111.0,430.0,780.0,17.503643,128.0,132.0
10.0,81.9,1.0,2.9,47.377757,47.435373,45.216478,3965817311.0,430.0,820.0,16.68832,128.0,131.0
10.0,81.9,1.0,2.9,47.361578,47.243124,43.566655,3965817511.0,430.0,800.0,15.95816,128.0,131.0
10.0,81.9,1.0,2.9,47.250071,46.929154,42.086712,3965817712.0,430.0,820.0,17.736116,128.0,131.0
10.0,81.9,1.0,2.9,47.960172,47.412791,42.404473,3965817912.0,430.0,820.0,15.045815,128.0,132.0
10.0,81.9,1.0,2.9,45.589582,45.702567,42.837964,3965941162.0,430.0,760.0,14.73621,128.0,262.0
10.0,81.9,1.0,2.9,46.172285,45.878848,43.216499,3965941362.0,430.0,780.0,10.394515,128.0,132.0
10.0,81.9,1.0,2.9,46.130494,45.741028,42.838514,3965941562.0,410.0,740.0,15.135915,128.0,132.0
10.0,81.9,1.0,2.9,46.026369,45.81624,42.622597,3965941763.0,410.0,760.0,22.055181,128.0,132.0
10.0,81.9,1.0,2.9,45.632207,45.429742,43.324444,3965941963.0,430.0,780.0,13.734499,128.0,131.0
10.0,81.9,1.0,2.9,45.841227,45.209407,42.023901,3965942163.0,430.0,800.0,19.953109,128.0,132.0
10.0,81.9,1.0,2.9,45.642346,45.713413,43.093195,3965942364.0,430.0,780.0,13.537056,128.0,132.0
10.0,81.9,1.0,2.9,46.354172,46.165414,42.891607,3965942564.0,410.0,780.0,14.151285,128.0,131.0
10.0,81.9,1.0,2.9,46.170186,45.861593,44.129356,3965942764.0,430.0,800.0,11.728803,128.0,132.0
10.0,81.9,1.0,2.9,45.867343,45.551766,42.27629,3965942964.0,430.0,800.0,24.989958,128.0,132.0
10.0,81.9,1.0,2.9,44.067478,43.874133,43.332392,3966077788.0,450.0,820.0,12.803995,128.0,262.0
10.0,81.9,1.0,2.9,43.693623,43.724044,43.420698,3966077987.0,430.0,820.0,14.815738,128.0,130.0
10.0,81.9,1.0,2.9,44.189154,44.249823,43.365289,3966078187.0,430.0,800.0,12.207,128.0,131.0
10.0,81.9,1.0,2.9,44.653576,44.600645,43.879221,3966078387.0,430.0,820.0,22.116718,128.0,131.0
10.0,81.9,1.0,2.9,45.416716,44.689588,41.132459,3966078588.0,430.0,820.0,15.893067,128.0,132.0
10.0,81.9,1.0,2.9,44.176181,44.26815,42.307251,3966078788.0,430.0,820.0,11.432944,128.0,132.0
10.0,81.9,1.0,2.9,45.183177,44.509773,43.109711,3966078988.0,430.0,840.0,18.567029,128.0,132.0
10.0,81.9,1.0,2.9,44.310943,43.810635,42.436091,3966079188.0,430.0,820.0,20.233927,128.0,131.0
10.0,81.9,1.0,2.9,44.261007,43.873319,44.148161,3966079389.0,430.0,840.0,15.013125,128.0,131.0
10.0,81.9,1.0,2.9,45.233644,44.905794,43.051284,3966079590.0,430.0,820.0,9.151979,128.0,132.0
10.0,81.9,1.0,2.9,44.771016,44.433823,42.978294,3966266022.0,450.0,840.0,11.108622,128.0,262.0
10.0,81.9,1.0,2.9,45.109185,44.607367,42.908442,3966266222.0,450.0,880.0,13.514577,128.0,131.0
10.0,81.9,1.0,2.9,44.298762,43.856284,42.817203,3966266421.0,430.0,860.0,11.810599,128.0,131.0
10.0,81.9,1.0,2.9,44.735724,44.23276,43.012336,3966266621.0,430.0,860.0,15.657823,128.0,132.0
10.0,81.9,1.0,2.9,45.245096,44.751336,42.909609,3966266821.0,430.0,860.0,13.716989,128.0,132.0
10.0,81.9,1.0,2.9,44.762787,44.378893,43.067359,3966267021.0,430.0,860.0,14.979915,128.0,131.0
10.0,81.9,1.0,2.9,44.196977,44.106342,43.214939,3966267220.0,450.0,900.0,12.501983,128.0,131.0
10.0,81.9,1.0,2.9,44.794012,44.854044,43.325394,3966267420.0,450.0,900.0,11.545664,128.0,132.0
10.0,81.9,1.0,2.9,44.055807,43.576128,42.697536,3966267620.0,430.0,860.0,18.558155,128.0,132.0
10.0,81.9,1.0,2.9,44.308554,44.094361,43.816506,3966267820.0,450.0,900.0,10.20788,128.0,132.0
10.0,81.9,1.0,2.9,43.888451,43.458972,43.569852,3966356281.0,430.0,880.0,19.926107,128.0,262.0
10.0,81.9,1.0,2.9,43.410223,42.790969,43.335982,3966356481.0,430.0,900.0,17.696985,128.0,131.0
10.0,81.9,1.0,2.9,43.792778,43.414871,43.599864,3966356680.0,430.0,900.0,13.253156,128.0,132.0
10.0,81.9,1.0,2.9,44.321584,44.071823,43.164986,3966356880.0,430.0,860.0,10.709556,128.0,132.0
10.0,81.9,1.0,2.9,43.905254,43.879851,43.561333,3966357080.0,430.0,900.0,24.275739,128.0,131.0
10.0,81.9,1.0,2.9,44.471168,43.629959,43.294816,3966357279.0,430.0,900.0,15.780775,128.0,132.0
10.0,81.9,1.0,2.9,44.008402,43.837194,44.092119,3966357479.0,430.0,920.0,12.591756,128.0,132.0
10.0,81.9,1.0,2.9,43.850462,43.440209,42.779785,3966357679.0,430.0,920.0,13.033436,128.0,131.0
10.0,81.9,1.0,2.9,43.773574,43.934799,43.473287,3966357878.0,430.0,920.0,18.172652,128.0,132.0
10.0,81.9,1.0,2.9,43.286797,42.96331,43.599473,3966358078.0,450.0,960.0,12.047722,128.0,131.0
10.0,81.9,1.0,2.9,43.744686,43.877236,42.542124,3966445716.0,430.0,920.0,13.761688,128.0,262.0
10.0,81.9,1.0,2.9,43.511989,43.183995,43.600854,3966445915.0,450.0,960.0,13.481108,128.0,132.0
10.0,81.9,1.0,2.9,43.078942,42.573726,43.386298,3966446115.0,450.0,980.0,14.096661,128.0,131.0
10.0,81.9,1.0,2.9,43.74887,43.277587,41.911494,3966446314.0,450.0,980.0,13.059931,128.0,132.0
10.0,81.9,1.0,2.9,43.334041,43.040746,42.674862,3966446513.0,430.0,940.0,14.012237,128.0,131.0
10.0,81.9,1.0,2.9,43.77079,43.488357,42.930352,3966446713.0,450.0,960.0,20.982078,128.0,131.0
10.0,81.9,1.0,2.9,43.086514,42.899692,43.048942,3966446912.0,450.0,960.0,17.549006,128.0,131.0
10.0,81.9,1.0,2.9,43.042505,42.68193,43.531556,3966447112.0,450.0,980.0,15.216652,128.0,131.0
10.0,81.9,1.0,2.9,42.929836,42.527683,43.330266,3966447311.0,430.0,980.0,20.970269,128.0,132.0
10.0,81.9,1.0,2.9,43.336038,42.709901,43.344859,3966447511.0,430.0,960.0,12.793466,128.0,131.0
10.0,81.9,1.0,2.9,42.670269,42.227981,43.668564,3966550908.0,450.0,1000.0,18.039851,128.0,261.0
10.0,81.9,1.0,2.9,42.362685,42.414797,43.402921,3966551107.0,450.0,1020.0,20.6531,128.0,132.0
10.0,81.9,1.0,2.9,42.135731,41.853766,43.599327,3966551307.0,410.0,940.0,20.329937,128.0,132.0
10.0,81.9,1.0,2.9,42.315497,41.956477,42.498173,3966551508.0,450.0,1040.0,20.361999,128.0,132.0
10.0,81.9,1.0,2.9,42.484087,42.099859,43.225303,3966551708.0,430.0,960.0,25.086404,128.0,131.0
10.0,81.9,1.0,2.9,42.002247,41.634964,41.672261,3966551908.0,430.0,1000.0,14.720574,128.0,131.0
10.0,81.9,1.0,2.9,42.473235,41.998245,43.892669,3966552108.0,430.0,940.0,22.093613,128.0,131.0
10.0,81.9,1.0,2.9,43.035565,42.778622,43.748243,3966552308.0,470.0,1060.0,13.804046,128.0,132.0
10.0,81.9,1.0,2.9,41.72346,41.841444,44.505559,3966552508.0,430.0,1000.0,12.808844,128.0,131.0
10.0,81.9,1.0,2.9,41.33902,41.048786,43.110859,3966552708.0,430.0,1000.0,10.742896,128.0,131.0
10.0,81.9,1.0,2.9,42.168913,41.854789,43.599991,3966770800.0,450.0,1120.0,15.228735,128.0,261.0
10.0,81.9,1.0,2.9,42.344855,41.766427,43.242003,3966771001.0,450.0,1120.0,13.138807,128.0,132.0
10.0,81.9,1.0,2.9,42.202302,41.574124,42.554946,3966772115.0,450.0,1120.0,17.327355,128.0,171.0
10.0,81.9,1.0,2.9,41.880391,41.549033,43.365622,3966775935.0,430.0,1060.0,9.579026,128.0,417.0
10.0,81.9,1.0,2.9,41.2751,41.152294,42.861462,3966776414.0,470.0,1140.0,17.582387,128.0,20.0
10.0,81.9,1.0,2.9,41.289056,41.279825,43.686361,3966776614.0,450.0,1120.0,14.530186,128.0,131.0
10.0,81.9,1.0,2.9,45.814458,45.557115,42.005375,3966776814.0,410.0,1360.0,16.513725,128.0,55.0
10.0,81.9,1.0,2.9,46.054704,45.491296,43.018296,3966777014.0,410.0,1360.0,16.813609,128.0,131.0
10.0,81.9,1.0,2.9,45.510901,44.979149,43.767408,3966777214.0,410.0,1340.0,16.547682,128.0,131.0
10.0,81.9,1.0,2.9,45.551502,45.246694,43.893062,3966777413.0,390.0,1300.0,11.078953,128.0,132.0
10.0,81.9,1.0,2.9,48.005399,47.416466,44.588628,3966873966.0,410.0,1260.0,18.44968,128.0,262.0
10.0,81.9,1.0,2.9,47.646957,46.752131,42.932349,3966874166.0,410.0,1240.0,18.660176,128.0,131.0
10.0,81.9,1.0,2.9,47.699328,47.778034,42.491765,3966874366.0,410.0,1240.0,11.707459,128.0,131.0
10.0,81.9,1.0,2.9,47.173696,46.752235,42.294918,3966874565.0,410.0,1240.0,12.648411,128.0,131.0
10.0,81.9,1.0,2.9,46.690409,46.164312,41.926195,3966874765.0,410.0,1260.0,16.269697,128.0,132.0
10.0,81.9,1.0,2.9,47.18278,46.712226,42.875503,3966874965.0,410.0,1300.0,27.543647,128.0,132.0
10.0,81.9,1.0,2.9,46.164328,45.926409,43.287998,3966875165.0,410.0,1300.0,13.435464,128.0,131.0
10.0,81.9,1.0,2.9,46.644728,45.654866,44.279894,3966875365.0,390.0,1220.0,17.023449,128.0,131.0
10.0,81.9,1.0,2.9,46.004277,45.815575,43.442327,3966875564.0,410.0,1280.0,21.71076,128.0,131.0
10.0,81.9,1.0,2.9,45.784766,45.020634,43.134523,3966875764.0,410.0,1320.0,12.188966,128.0,132.0
10.0,81.9,1.0,2.9,46.189582,46.082408,43.583708,3966941036.0,390.0,1240.0,14.864545,128.0,262.0
10.0,81.9,1.0,2.9,45.675267,45.456079,43.934585,3966941236.0,410.0,1300.0,18.214619,128.0,132.0
10.0,81.9,1.0,2.9,45.033975,44.082586,43.104759,3966941436.0,430.0,1320.0,16.360316,128.0,132.0
10.0,81.9,1.0,2.9,45.074685,44.912165,43.27453,3966941635.0,410.0,1280.0,10.189697,128.0,131.0
10.0,81.9,1.0,2.9,45.122382,44.955169,42.688416,3966941835.0,410.0,1320.0,18.595787,128.0,131.0
10.0,81.9,1.0,2.9,44.621796,44.44358,43.766176,3966942035.0,410.0,1280.0,25.556551,128.0,132.0
10.0,81.9,1.0,2.9,44.422091,43.761259,44.220715,3966942235.0,410.0,1320.0,14.089427,128.0,132.0
10.0,81.9,1.0,2.9,44.118304,43.622326,42.482263,3966942435.0,390.0,1200.0,13.887137,128.0,132.0
10.0,81.9,1.0,2.9,43.932883,43.317689,41.473627,3966942635.0,410.0,1320.0,13.680622,128.0,132.0
