1.54284917705434E+09	3.11362084961092E+03	3.42189966737378E+03	2.84631579876591E+03
1.54287899900810E+09	2.79363524130010E+03	3.04338010632318E+03	2.57120622088893E+03
1.54290712430805E+09	2.64534922769265E+03	2.88924069744175E+03	2.44633378837739E+03	
1.54293694626182E+09	2.59071753846886E+03	2.81899995415401E+03	2.39560436266958E+03	
1.54296487579402E+09	2.73900355207631E+03	2.94972578193953E+03	2.53803698100305E+03	
1.54305257974559E+09	2.31755909234987E+03	2.16341968346844E+03	2.03854725095690E+03
1.54308122709286E+09	2.01903593337697E+03	1.90782142317138E+03	1.79075351769182E+03
1.54311052699930E+09	1.88440784207547E+03	1.77124220011189E+03	2.00147574755504E+03
1.54318296106644E+09	1.69319692979218E+03	1.62490731826243E+03	1.54881317970071E+03
1.54321199994921E+09	1.54491091618473E+03	1.47271904113900E+03	1.62685845002042E+03
1.54323679719743E+09	1.43954980125312E+03	1.51174167629885E+03	1.36735792620739E+03