10.0,81.9,1.0,2.9,46.734248,46.36716,40.679024,3955816737.0,430.0,920.0,17.077281,128.0,17.0
10.0,81.9,1.0,2.9,45.032637,44.707291,41.269361,3955816936.0,450.0,940.0,14.184915,128.0,132.0
10.0,81.9,1.0,2.9,44.906655,44.008422,37.969023,3955817136.0,430.0,920.0,25.940426,128.0,131.0
10.0,81.9,1.0,2.9,44.574669,44.735037,39.381313,3955817335.0,430.0,940.0,12.341746,128.0,132.0
10.0,81.9,1.0,2.9,44.48826,43.941554,39.986789,3955817535.0,430.0,900.0,13.669612,128.0,131.0
10.0,81.9,1.0,2.9,45.199832,44.796957,38.855107,3955817735.0,430.0,920.0,24.443728,128.0,131.0
10.0,81.9,1.0,2.9,44.836484,44.570861,39.543116,3955817935.0,430.0,940.0,18.211326,128.0,131.0
10.0,81.9,1.0,2.9,45.689404,45.892475,39.656098,3955818134.0,430.0,920.0,19.919984,128.0,132.0
10.0,81.9,1.0,2.9,46.220561,45.797162,39.857457,3955818334.0,430.0,920.0,13.021716,128.0,131.0
10.0,81.9,1.0,2.9,45.700873,45.43922,39.661323,3955818534.0,450.0,960.0,17.864444,128.0,131.0
10.0,81.9,1.0,2.9,45.041798,44.628458,41.350201,3955829664.0,430.0,920.0,13.500878,128.0,262.0
10.0,81.9,1.0,2.9,45.132836,44.194041,41.443282,3955829863.0,430.0,900.0,17.030002,128.0,131.0
10.0,81.9,1.0,2.9,45.44639,45.200082,40.958231,3955830063.0,430.0,900.0,19.233974,128.0,132.0
10.0,81.9,1.0,2.9,46.093874,45.983234,39.493456,3955830262.0,430.0,920.0,14.542045,128.0,131.0
10.0,81.9,1.0,2.9,46.481185,46.686385,39.747043,3955830462.0,430.0,920.0,13.820119,128.0,131.0
10.0,81.9,1.0,2.9,45.618432,45.776683,39.963631,3955830661.0,430.0,940.0,8.868814,128.0,131.0
10.0,81.9,1.0,2.9,46.839488,46.930475,40.730249,3955830860.0,430.0,940.0,15.434658,128.0,131.0
10.0,81.9,1.0,2.9,46.368543,45.9779,40.455645,3955831060.0,430.0,900.0,24.441685,128.0,131.0
10.0,81.9,1.0,2.9,46.2363,46.400312,40.16441,3955831259.0,430.0,940.0,13.486695,128.0,131.0
10.0,81.9,1.0,2.9,47.223825,46.850904,40.534972,3955831459.0,430.0,920.0,19.568951,128.0,131.0
10.0,81.9,1.0,2.9,45.780354,45.084219,39.586188,3955842589.0,430.0,920.0,19.787749,128.0,262.0
10.0,81.9,1.0,2.9,45.902095,45.778188,41.319944,3955842789.0,410.0,900.0,21.847501,128.0,132.0
10.0,81.9,1.0,2.9,45.571113,45.72821,39.364771,3955842988.0,430.0,920.0,13.518898,128.0,131.0
10.0,81.9,1.0,2.9,46.68594,46.486821,40.200612,3955843188.0,430.0,940.0,13.348071,128.0,132.0
10.0,81.9,1.0,2.9,45.538231,45.683793,40.070484,3955843388.0,430.0,920.0,9.734943,128.0,132.0
10.0,81.9,1.0,2.9,46.315215,46.508701,39.946238,3955843587.0,430.0,920.0,15.981773,128.0,131.0
10.0,81.9,1.0,2.9,46.896756,46.57541,39.220568,3955843787.0,430.0,920.0,20.463467,128.0,131.0
10.0,81.9,1.0,2.9,46.04816,46.157786,40.912093,3955843987.0,430.0,940.0,11.966947,128.0,132.0
10.0,81.9,1.0,2.9,45.49342,45.282252,40.041273,3955844187.0,430.0,920.0,11.957072,128.0,131.0
10.0,81.9,1.0,2.9,46.003557,46.0151,39.927266,3955844386.0,430.0,920.0,20.894311,128.0,131.0
10.0,81.9,1.0,2.9,44.63081,44.326105,39.581998,3955855517.0,430.0,940.0,24.157887,128.0,262.0
10.0,81.9,1.0,2.9,44.274517,44.253267,39.76772,3955855717.0,410.0,920.0,15.814348,128.0,132.0
10.0,81.9,1.0,2.9,44.598493,44.312059,41.599288,3955855916.0,430.0,920.0,18.767366,128.0,130.0
10.0,81.9,1.0,2.9,45.100855,44.577397,39.271571,3955856116.0,430.0,940.0,10.615437,128.0,131.0
10.0,81.9,1.0,2.9,44.681796,44.619198,40.930215,3955856316.0,430.0,940.0,13.241471,128.0,132.0
10.0,81.9,1.0,2.9,45.85717,45.605615,39.567389,3955856516.0,430.0,920.0,17.206467,128.0,132.0
10.0,81.9,1.0,2.9,44.584053,44.470651,41.212768,3955856715.0,430.0,940.0,21.474831,128.0,131.0
10.0,81.9,1.0,2.9,45.43765,45.488357,41.786499,3955856915.0,430.0,920.0,15.167345,128.0,131.0
10.0,81.9,1.0,2.9,45.463596,45.879111,41.894122,3955857114.0,430.0,940.0,16.184316,128.0,132.0
10.0,81.9,1.0,2.9,45.243578,44.455381,40.280908,3955857314.0,430.0,920.0,19.25154,128.0,131.0
10.0,81.9,1.0,2.9,44.430771,44.24977,41.044471,3955868445.0,430.0,940.0,19.071997,128.0,261.0
10.0,81.9,1.0,2.9,44.487599,44.138504,39.830843,3955868645.0,430.0,940.0,15.207572,128.0,131.0
10.0,81.9,1.0,2.9,44.386079,44.393102,41.491026,3955868845.0,430.0,920.0,14.700901,128.0,131.0
10.0,81.9,1.0,2.9,44.813622,44.339974,39.640133,3955869044.0,430.0,940.0,17.729685,128.0,132.0
10.0,81.9,1.0,2.9,44.805144,44.490722,40.4951,3955869244.0,410.0,920.0,16.135893,128.0,131.0
10.0,81.9,1.0,2.9,44.881307,44.602533,38.807909,3955869444.0,410.0,900.0,18.995698,128.0,131.0
10.0,81.9,1.0,2.9,44.862112,44.383512,41.087185,3955869643.0,430.0,940.0,18.707549,128.0,132.0
10.0,81.9,1.0,2.9,44.997031,44.755459,40.894939,3955869843.0,430.0,920.0,20.041134,128.0,132.0
10.0,81.9,1.0,2.9,44.363647,43.58912,40.164812,3955870043.0,430.0,940.0,14.989122,128.0,132.0
10.0,81.9,1.0,2.9,44.960387,44.481571,39.346286,3955870243.0,430.0,920.0,18.887587,128.0,131.0
10.0,81.9,1.0,2.9,42.942233,42.86702,39.453233,3955881374.0,430.0,920.0,16.565178,128.0,261.0
10.0,81.9,1.0,2.9,41.763021,41.480661,40.494841,3955881573.0,430.0,940.0,21.577787,128.0,131.0
10.0,81.9,1.0,2.9,42.880924,42.766465,39.311353,3955881773.0,430.0,940.0,21.236361,128.0,131.0
10.0,81.9,1.0,2.9,42.296052,42.042758,39.494251,3955881973.0,430.0,920.0,17.336778,128.0,132.0
10.0,81.9,1.0,2.9,42.76164,42.883675,40.451133,3955882173.0,430.0,920.0,14.829538,128.0,131.0
10.0,81.9,1.0,2.9,42.867668,42.626655,39.455678,3955882373.0,430.0,920.0,16.773965,128.0,131.0
10.0,81.9,1.0,2.9,43.071622,43.065166,40.948322,3955882572.0,430.0,940.0,13.519298,128.0,131.0
10.0,81.9,1.0,2.9,43.54699,43.403078,41.645198,3955882772.0,430.0,940.0,19.796186,128.0,132.0
10.0,81.9,1.0,2.9,43.282345,42.89524,40.444982,3955882972.0,430.0,940.0,19.775627,128.0,132.0
10.0,81.9,1.0,2.9,42.897631,43.189606,39.489847,3955883172.0,430.0,940.0,24.838388,128.0,131.0
10.0,81.9,1.0,2.9,39.244645,39.363049,40.274767,3955894302.0,430.0,900.0,14.000914,128.0,262.0
10.0,81.9,1.0,2.9,39.321121,39.254261,39.146897,3955894501.0,430.0,920.0,15.05693,128.0,131.0
10.0,81.9,1.0,2.9,39.572842,39.49165,40.225363,3955894701.0,430.0,900.0,16.014081,128.0,131.0
10.0,81.9,1.0,2.9,40.792616,40.624729,40.1502,3955894901.0,430.0,940.0,12.962085,128.0,132.0
10.0,81.9,1.0,2.9,39.623037,39.888044,40.508104,3955895100.0,430.0,940.0,14.047179,128.0,131.0
10.0,81.9,1.0,2.9,41.075705,40.45337,39.970803,3955895300.0,430.0,920.0,13.90767,128.0,132.0
10.0,81.9,1.0,2.9,40.632694,40.215611,40.814583,3955895499.0,430.0,920.0,12.712908,128.0,131.0
10.0,81.9,1.0,2.9,41.140201,41.056352,39.623686,3955895699.0,410.0,920.0,17.417945,128.0,131.0
10.0,81.9,1.0,2.9,41.531497,41.341191,40.183133,3955895898.0,410.0,920.0,19.15128,128.0,132.0
10.0,81.9,1.0,2.9,41.713946,41.437547,39.438563,3955896098.0,430.0,920.0,14.291899,128.0,131.0
10.0,81.9,1.0,2.9,38.012104,36.955619,37.913833,3955907228.0,430.0,920.0,21.685055,128.0,262.0
10.0,81.9,1.0,2.9,37.745477,37.864659,39.642768,3955907428.0,450.0,920.0,17.538986,128.0,131.0
10.0,81.9,1.0,2.9,37.325952,37.03335,39.565376,3955907627.0,430.0,900.0,16.206651,128.0,132.0
10.0,81.9,1.0,2.9,38.203782,37.436832,41.323953,3955907827.0,430.0,920.0,19.616775,128.0,131.0
10.0,81.9,1.0,2.9,38.990774,38.55633,39.656504,3955908027.0,430.0,920.0,14.726587,128.0,131.0
10.0,81.9,1.0,2.9,39.682164,39.772971,39.875013,3955908226.0,450.0,940.0,14.714931,128.0,131.0
10.0,81.9,1.0,2.9,38.868325,38.77564,40.762762,3955908426.0,430.0,920.0,11.63155,128.0,131.0
10.0,81.9,1.0,2.9,39.7742,39.156953,39.480947,3955908625.0,430.0,940.0,21.158434,128.0,131.0
10.0,81.9,1.0,2.9,40.684965,40.119352,39.191097,3955908825.0,450.0,940.0,19.004362,128.0,131.0
10.0,81.9,1.0,2.9,41.075187,40.53417,40.282924,3955909024.0,430.0,920.0,20.608299,128.0,132.0
10.0,81.9,1.0,2.9,39.37037,39.048409,40.144543,3955920155.0,430.0,900.0,14.896027,128.0,262.0
10.0,81.9,1.0,2.9,40.304224,40.032396,38.950798,3955920356.0,430.0,920.0,15.461607,128.0,131.0
10.0,81.9,1.0,2.9,39.587607,39.445359,39.222276,3955920556.0,430.0,920.0,11.2121,128.0,131.0
10.0,81.9,1.0,2.9,40.315993,40.051651,39.505613,3955920756.0,430.0,920.0,18.785751,128.0,132.0
10.0,81.9,1.0,2.9,40.852877,40.204281,39.117427,3955920956.0,430.0,940.0,16.359184,128.0,131.0
10.0,81.9,1.0,2.9,40.706633,40.389223,39.850321,3955921156.0,430.0,920.0,15.774978,128.0,131.0
10.0,81.9,1.0,2.9,40.815449,40.743196,39.715068,3955921356.0,450.0,960.0,17.524621,128.0,132.0
10.0,81.9,1.0,2.9,41.275297,40.621163,40.621722,3955921556.0,430.0,900.0,17.940801,128.0,132.0
10.0,81.9,1.0,2.9,40.622875,40.260597,39.510767,3955921756.0,430.0,920.0,17.218509,128.0,132.0
10.0,81.9,1.0,2.9,41.340887,41.443037,39.71271,3955921956.0,430.0,900.0,15.555733,128.0,132.0
10.0,81.9,1.0,2.9,39.044711,37.908033,39.206565,3955933087.0,430.0,920.0,14.235788,128.0,262.0
10.0,81.9,1.0,2.9,39.12866,38.732381,40.669667,3955933287.0,430.0,900.0,18.07221,128.0,131.0
10.0,81.9,1.0,2.9,38.796894,38.663473,39.99747,3955933487.0,430.0,900.0,15.042517,128.0,131.0
10.0,81.9,1.0,2.9,38.734593,39.111891,39.526153,3955933687.0,430.0,920.0,15.409318,128.0,131.0
10.0,81.9,1.0,2.9,39.705983,39.647039,40.185952,3955933887.0,430.0,920.0,13.88556,128.0,131.0
10.0,81.9,1.0,2.9,39.456737,38.914025,39.473071,3955934087.0,430.0,920.0,18.251983,128.0,131.0
10.0,81.9,1.0,2.9,40.110901,39.678364,38.500089,3955934287.0,430.0,940.0,17.323694,128.0,131.0
10.0,81.9,1.0,2.9,40.3113,40.263341,39.540836,3955934487.0,430.0,920.0,19.135913,128.0,131.0
10.0,81.9,1.0,2.9,39.417521,39.162093,40.674728,3955934687.0,430.0,900.0,10.664233,128.0,131.0
10.0,81.9,1.0,2.9,40.93359,40.680165,38.388557,3955934887.0,430.0,920.0,13.736913,128.0,131.0
10.0,81.9,1.0,2.9,38.291486,37.782224,38.246376,3955946018.0,430.0,920.0,18.236684,128.0,261.0
10.0,81.9,1.0,2.9,38.142941,37.407382,39.347721,3955946218.0,430.0,920.0,13.118411,128.0,131.0
10.0,81.9,1.0,2.9,35.918045,35.821323,40.534499,3955946419.0,430.0,900.0,20.782249,128.0,131.0
10.0,81.9,1.0,2.9,39.012372,39.40273,39.705681,3955946619.0,430.0,920.0,14.755523,128.0,132.0
10.0,81.9,1.0,2.9,38.870227,38.572223,40.531548,3955946820.0,410.0,900.0,16.97263,128.0,131.0
10.0,81.9,1.0,2.9,38.507321,38.402762,39.874034,3955947020.0,430.0,920.0,13.980104,128.0,132.0
10.0,81.9,1.0,2.9,39.331319,39.217797,41.584674,3955947220.0,430.0,940.0,11.261911,128.0,132.0
10.0,81.9,1.0,2.9,39.67644,39.011271,38.965279,3955947420.0,430.0,940.0,19.518285,128.0,131.0
10.0,81.9,1.0,2.9,40.409797,40.225043,39.306005,3955947621.0,430.0,940.0,14.816618,128.0,132.0
10.0,81.9,1.0,2.9,39.406483,38.872635,40.381503,3955947821.0,430.0,940.0,15.494505,128.0,131.0
10.0,81.9,1.0,2.9,38.375787,38.513432,39.855384,3955958952.0,410.0,880.0,13.145698,128.0,262.0
10.0,81.9,1.0,2.9,38.144558,37.618783,40.819093,3955959152.0,430.0,920.0,11.697766,128.0,132.0
10.0,81.9,1.0,2.9,37.984247,38.015125,39.526762,3955959352.0,430.0,940.0,15.902308,128.0,132.0
10.0,81.9,1.0,2.9,38.595952,38.586951,41.645776,3955959552.0,10.0,20.0,52.905067,128.0,132.0
10.0,81.9,1.0,2.9,0.0,0.0,40.0,3955959753.0,10.0,20.0,0.0,128.0,0.0
10.0,81.9,1.0,2.9,0.0,0.0,40.0,3955959953.0,10.0,20.0,0.0,128.0,0.0
10.0,81.9,1.0,2.9,0.0,0.0,40.0,3955960153.0,10.0,20.0,0.0,128.0,0.0
10.0,81.9,1.0,2.9,0.0,0.0,40.0,3955960353.0,10.0,20.0,0.0,128.0,0.0
10.0,81.9,1.0,2.9,0.0,0.0,40.0,3955960553.0,10.0,20.0,0.0,128.0,0.0
10.0,81.9,1.0,2.9,0.0,0.0,40.0,3955960753.0,10.0,20.0,0.0,128.0,0.0
10.0,81.9,1.0,2.9,39.898116,39.830197,38.943171,3955971884.0,430.0,920.0,15.53996,128.0,262.0
10.0,81.9,1.0,2.9,39.313287,39.44529,41.022982,3955972084.0,430.0,940.0,15.145664,128.0,131.0
10.0,81.9,1.0,2.9,40.32514,39.69312,41.017772,3955972283.0,450.0,960.0,18.196926,128.0,132.0
10.0,81.9,1.0,2.9,40.287152,39.700235,39.713968,3955972482.0,430.0,940.0,19.260778,128.0,131.0
10.0,81.9,1.0,2.9,40.148476,40.081019,40.50555,3955972682.0,430.0,920.0,22.340158,128.0,131.0
10.0,81.9,1.0,2.9,40.161831,39.72268,39.435321,3955972881.0,430.0,920.0,19.223418,128.0,131.0
10.0,81.9,1.0,2.9,39.707288,39.786469,40.856092,3955973081.0,430.0,940.0,19.150313,128.0,131.0
10.0,81.9,1.0,2.9,39.846888,39.486874,41.343387,3955973281.0,430.0,940.0,14.948589,128.0,131.0
10.0,81.9,1.0,2.9,40.03445,39.410596,38.843738,3955973480.0,430.0,920.0,18.454227,128.0,131.0
10.0,81.9,1.0,2.9,39.491787,39.189742,39.948919,3955973679.0,430.0,920.0,13.737419,128.0,131.0
10.0,81.9,1.0,2.9,33.640395,33.522003,40.064712,3955984810.0,430.0,920.0,11.94343,128.0,261.0
10.0,81.9,1.0,2.9,33.587521,33.638144,39.633263,3955985009.0,430.0,900.0,18.1518,128.0,131.0
10.0,81.9,1.0,2.9,33.705664,33.428152,40.034476,3955985209.0,430.0,900.0,13.240531,128.0,131.0
10.0,81.9,1.0,2.9,33.973555,33.42829,39.402734,3955985409.0,430.0,920.0,16.554202,128.0,131.0
10.0,81.9,1.0,2.9,33.908347,33.611712,39.041594,3955985609.0,430.0,900.0,14.219983,128.0,132.0
10.0,81.9,1.0,2.9,34.908681,34.69684,39.183924,3955985809.0,430.0,900.0,14.277262,128.0,131.0
10.0,81.9,1.0,2.9,34.988783,34.699144,39.928658,3955986009.0,430.0,900.0,16.222209,128.0,131.0
10.0,81.9,1.0,2.9,35.113752,34.867431,40.677706,3955986209.0,410.0,900.0,14.457939,128.0,131.0
10.0,81.9,1.0,2.9,35.798985,35.050609,39.698032,3955986409.0,430.0,900.0,18.709105,128.0,131.0
10.0,81.9,1.0,2.9,36.34509,36.4619,40.579332,3955986609.0,430.0,920.0,13.232795,128.0,131.0
10.0,81.9,1.0,2.9,30.409151,29.890607,39.580224,3955997739.0,430.0,900.0,16.628253,128.0,261.0
10.0,81.9,1.0,2.9,31.289931,31.359473,40.945469,3955997939.0,430.0,880.0,17.551246,128.0,132.0
10.0,81.9,1.0,2.9,30.806999,30.561179,40.110176,3955998138.0,430.0,880.0,15.459712,128.0,131.0
10.0,81.9,1.0,2.9,32.64275,32.226587,41.130065,3955998338.0,430.0,900.0,16.486417,128.0,131.0
10.0,81.9,1.0,2.9,31.37952,31.432131,39.856753,3955998537.0,430.0,900.0,16.352434,128.0,131.0
10.0,81.9,1.0,2.9,32.843637,33.062841,41.142663,3955998736.0,430.0,920.0,16.731057,128.0,131.0
10.0,81.9,1.0,2.9,32.442571,32.078486,39.594671,3955998936.0,450.0,920.0,19.099847,128.0,131.0
10.0,81.9,1.0,2.9,32.631948,32.626831,40.658212,3955999136.0,430.0,900.0,17.138222,128.0,132.0
10.0,81.9,1.0,2.9,32.662351,32.867811,39.145775,3955999335.0,430.0,920.0,17.702669,128.0,131.0
10.0,81.9,1.0,2.9,33.839319,34.008827,38.743993,3955999535.0,430.0,920.0,16.653385,128.0,131.0
10.0,81.9,1.0,2.9,31.666038,32.176764,39.418189,3956010665.0,430.0,900.0,12.170843,128.0,262.0
10.0,81.9,1.0,2.9,32.552075,32.240116,40.382273,3956010865.0,430.0,900.0,19.104287,128.0,131.0
10.0,81.9,1.0,2.9,31.948948,31.821352,41.89547,3956011065.0,430.0,900.0,16.103245,128.0,131.0
10.0,81.9,1.0,2.9,31.620516,31.502426,40.981035,3956011265.0,430.0,900.0,16.423865,128.0,132.0
10.0,81.9,1.0,2.9,32.297104,32.161516,40.548384,3956011465.0,450.0,920.0,15.533042,128.0,132.0
10.0,81.9,1.0,2.9,31.931639,31.400734,39.017069,3956011664.0,450.0,920.0,18.898463,128.0,132.0
10.0,81.9,1.0,2.9,33.062051,33.399361,39.598403,3956011864.0,430.0,920.0,14.814038,128.0,131.0
10.0,81.9,1.0,2.9,34.0436,33.967222,40.490533,3956012064.0,410.0,900.0,17.259516,128.0,131.0
10.0,81.9,1.0,2.9,33.648294,33.376083,39.670599,3956012264.0,430.0,920.0,17.182818,128.0,132.0
10.0,81.9,1.0,2.9,33.831105,33.174244,39.905011,3956012463.0,430.0,900.0,14.355051,128.0,131.0
10.0,81.9,1.0,2.9,32.58251,32.700507,40.785064,3956023594.0,430.0,920.0,15.086331,128.0,262.0
10.0,81.9,1.0,2.9,32.90948,32.938288,39.691812,3956023794.0,450.0,920.0,19.629953,128.0,131.0
10.0,81.9,1.0,2.9,33.311833,33.106269,39.783365,3956023993.0,430.0,900.0,14.471466,128.0,131.0
10.0,81.9,1.0,2.9,33.082495,32.976356,39.323921,3956024193.0,450.0,940.0,16.371486,128.0,132.0
10.0,81.9,1.0,2.9,33.376198,33.148825,39.693304,3956024393.0,450.0,940.0,14.370619,128.0,131.0
10.0,81.9,1.0,2.9,34.384781,34.206399,40.709026,3956024593.0,430.0,940.0,13.45466,128.0,131.0
10.0,81.9,1.0,2.9,35.369675,35.177702,41.230774,3956024793.0,450.0,940.0,17.620595,128.0,131.0
10.0,81.9,1.0,2.9,34.940507,34.512666,39.825346,3956024992.0,410.0,900.0,16.238829,128.0,131.0
10.0,81.9,1.0,2.9,34.629701,34.270805,39.602814,3956025192.0,430.0,920.0,17.707843,128.0,132.0
10.0,81.9,1.0,2.9,35.52348,35.367664,39.684255,3956025392.0,430.0,920.0,18.780702,128.0,132.0
10.0,81.9,1.0,2.9,0.0,0.0,40.0,3956036523.0,0.0,0.0,0.0,128.0,0.0
10.0,81.9,1.0,2.9,0.0,0.0,40.0,3956036723.0,0.0,0.0,0.0,128.0,0.0
10.0,81.9,1.0,2.9,0.0,0.0,40.0,3956036922.0,0.0,0.0,0.0,128.0,0.0
10.0,81.9,1.0,2.9,0.0,0.0,40.0,3956037122.0,0.0,0.0,0.0,128.0,0.0
10.0,81.9,1.0,2.9,0.0,0.0,40.0,3956037322.0,0.0,0.0,0.0,128.0,0.0
10.0,81.9,1.0,2.9,0.0,0.0,40.0,3956037521.0,0.0,0.0,0.0,128.0,0.0
10.0,81.9,1.0,2.9,0.0,0.0,40.0,3956037721.0,0.0,0.0,0.0,128.0,0.0
10.0,81.9,1.0,2.9,0.0,0.0,40.0,3956037921.0,0.0,0.0,0.0,128.0,0.0
10.0,81.9,1.0,2.9,0.0,0.0,40.0,3956038120.0,0.0,0.0,0.0,128.0,0.0
10.0,81.9,1.0,2.9,0.0,0.0,40.0,3956038320.0,0.0,0.0,0.0,128.0,0.0
10.0,81.9,1.0,2.9,0.0,0.0,40.0,3956049451.0,0.0,0.0,0.0,128.0,0.0
10.0,81.9,1.0,2.9,0.0,0.0,40.0,3956049650.0,0.0,0.0,0.0,128.0,0.0
10.0,81.9,1.0,2.9,0.0,0.0,40.0,3956049850.0,0.0,0.0,0.0,128.0,0.0
10.0,81.9,1.0,2.9,0.0,0.0,40.0,3956050050.0,0.0,0.0,0.0,128.0,0.0
10.0,81.9,1.0,2.9,0.0,0.0,40.0,3956050249.0,0.0,0.0,0.0,128.0,0.0
10.0,81.9,1.0,2.9,0.0,0.0,40.0,3956050449.0,0.0,0.0,0.0,128.0,0.0
10.0,81.9,1.0,2.9,0.0,0.0,40.0,3956050649.0,0.0,0.0,0.0,128.0,0.0
10.0,81.9,1.0,2.9,0.0,0.0,40.0,3956050849.0,0.0,0.0,0.0,128.0,0.0
10.0,81.9,1.0,2.9,0.0,0.0,40.0,3956051048.0,0.0,0.0,0.0,128.0,0.0
10.0,81.9,1.0,2.9,0.0,0.0,40.0,3956051248.0,0.0,0.0,0.0,128.0,0.0
10.0,81.9,1.0,2.9,36.635568,36.584656,40.626394,3956062378.0,430.0,920.0,16.779699,128.0,262.0
10.0,81.9,1.0,2.9,36.132926,35.946879,40.467893,3956062578.0,430.0,940.0,18.165413,128.0,131.0
10.0,81.9,1.0,2.9,37.092482,37.206867,40.530084,3956062777.0,430.0,940.0,23.203136,128.0,132.0
10.0,81.9,1.0,2.9,36.881852,36.775613,40.436651,3956062977.0,430.0,940.0,12.537399,128.0,131.0
10.0,81.9,1.0,2.9,37.2846,36.955666,39.93575,3956063177.0,430.0,920.0,18.505061,128.0,132.0
10.0,81.9,1.0,2.9,37.463039,37.69481,41.124265,3956063376.0,410.0,900.0,16.349216,128.0,132.0
10.0,81.9,1.0,2.9,37.226691,37.431832,39.212413,3956063576.0,430.0,920.0,12.66961,128.0,131.0
10.0,81.9,1.0,2.9,37.121938,36.716581,40.2616,3956063775.0,430.0,920.0,17.531358,128.0,132.0
10.0,81.9,1.0,2.9,37.534427,37.10891,40.281278,3956063975.0,430.0,940.0,16.747763,128.0,130.0
10.0,81.9,1.0,2.9,37.721382,37.184815,39.311008,3956064174.0,410.0,900.0,16.347726,128.0,131.0
10.0,81.9,1.0,2.9,30.434713,30.451497,39.96816,3956075304.0,450.0,940.0,12.963763,128.0,262.0
10.0,81.9,1.0,2.9,31.648176,31.827341,39.980696,3956075503.0,430.0,920.0,9.619581,128.0,132.0
10.0,81.9,1.0,2.9,30.959721,31.202891,40.911994,3956075702.0,430.0,900.0,12.97384,128.0,131.0
10.0,81.9,1.0,2.9,30.918693,31.029056,42.037399,3956075902.0,410.0,880.0,21.845531,128.0,131.0
10.0,81.9,1.0,2.9,32.302882,31.950406,40.59024,3956076101.0,450.0,900.0,20.179425,128.0,131.0
10.0,81.9,1.0,2.9,31.5274,31.372487,40.216832,3956076300.0,430.0,920.0,17.293389,128.0,132.0
10.0,81.9,1.0,2.9,32.507999,32.157808,39.953636,3956076499.0,430.0,920.0,18.834989,128.0,132.0
10.0,81.9,1.0,2.9,32.653299,32.434607,38.92927,3956076698.0,430.0,940.0,13.655062,128.0,131.0
10.0,81.9,1.0,2.9,32.56185,32.803542,41.381093,3956076898.0,450.0,960.0,22.25043,128.0,131.0
10.0,81.9,1.0,2.9,32.726398,32.865204,40.363858,3956077097.0,430.0,920.0,23.772364,128.0,131.0
10.0,81.9,1.0,2.9,0.0,0.0,40.0,3956088227.0,0.0,0.0,0.0,128.0,0.0
10.0,81.9,1.0,2.9,0.0,0.0,40.0,3956088426.0,0.0,0.0,0.0,128.0,0.0
10.0,81.9,1.0,2.9,0.0,0.0,40.0,3956088625.0,0.0,0.0,0.0,128.0,0.0
10.0,81.9,1.0,2.9,0.0,0.0,40.0,3956088825.0,0.0,0.0,0.0,128.0,0.0
10.0,81.9,1.0,2.9,0.0,0.0,40.0,3956089024.0,0.0,0.0,0.0,128.0,0.0
10.0,81.9,1.0,2.9,0.0,0.0,40.0,3956089223.0,0.0,0.0,0.0,128.0,0.0
10.0,81.9,1.0,2.9,0.0,0.0,40.0,3956089423.0,0.0,0.0,0.0,128.0,0.0
10.0,81.9,1.0,2.9,0.0,0.0,40.0,3956089622.0,0.0,0.0,0.0,128.0,0.0
10.0,81.9,1.0,2.9,0.0,0.0,40.0,3956089821.0,0.0,0.0,0.0,128.0,0.0
10.0,81.9,1.0,2.9,0.0,0.0,40.0,3956090021.0,0.0,0.0,0.0,128.0,0.0
10.0,81.9,1.0,2.9,0.0,0.0,40.0,3956101151.0,0.0,0.0,0.0,128.0,0.0
10.0,81.9,1.0,2.9,0.0,0.0,40.0,3956101353.0,0.0,0.0,0.0,128.0,0.0
10.0,81.9,1.0,2.9,0.0,0.0,40.0,3956101554.0,0.0,0.0,0.0,128.0,0.0
10.0,81.9,1.0,2.9,0.0,0.0,40.0,3956101755.0,0.0,0.0,0.0,128.0,0.0
10.0,81.9,1.0,2.9,0.0,0.0,40.0,3956101957.0,0.0,0.0,0.0,128.0,0.0
10.0,81.9,1.0,2.9,0.0,0.0,40.0,3956102158.0,0.0,0.0,0.0,128.0,0.0
10.0,81.9,1.0,2.9,0.0,0.0,40.0,3956102360.0,0.0,0.0,0.0,128.0,0.0
10.0,81.9,1.0,2.9,0.0,0.0,40.0,3956102562.0,0.0,0.0,0.0,128.0,0.0
10.0,81.9,1.0,2.9,0.0,0.0,40.0,3956102763.0,0.0,0.0,0.0,128.0,0.0
10.0,81.9,1.0,2.9,0.0,0.0,40.0,3956102965.0,0.0,0.0,0.0,128.0,0.0
10.0,81.9,1.0,2.9,0.0,0.0,40.0,3956114097.0,0.0,0.0,0.0,128.0,0.0
10.0,81.9,1.0,2.9,0.0,0.0,40.0,3956114300.0,0.0,0.0,0.0,128.0,0.0
10.0,81.9,1.0,2.9,0.0,0.0,40.0,3956114501.0,0.0,0.0,0.0,128.0,0.0
10.0,81.9,1.0,2.9,0.0,0.0,40.0,3956114703.0,0.0,0.0,0.0,128.0,0.0
10.0,81.9,1.0,2.9,0.0,0.0,40.0,3956114904.0,0.0,0.0,0.0,128.0,0.0
10.0,81.9,1.0,2.9,0.0,0.0,40.0,3956115106.0,0.0,0.0,0.0,128.0,0.0
10.0,81.9,1.0,2.9,0.0,0.0,40.0,3956115309.0,0.0,0.0,0.0,128.0,0.0
10.0,81.9,1.0,2.9,0.0,0.0,40.0,3956115511.0,0.0,0.0,0.0,128.0,0.0
10.0,81.9,1.0,2.9,0.0,0.0,40.0,3956115712.0,0.0,0.0,0.0,128.0,0.0
10.0,81.9,1.0,2.9,0.0,0.0,40.0,3956115914.0,0.0,0.0,0.0,128.0,0.0
10.0,81.9,1.0,2.9,0.0,0.0,40.0,3956127046.0,0.0,0.0,0.0,128.0,0.0
10.0,81.9,1.0,2.9,0.0,0.0,40.0,3956127248.0,0.0,0.0,0.0,128.0,0.0
10.0,81.9,1.0,2.9,0.0,0.0,40.0,3956127449.0,0.0,0.0,0.0,128.0,0.0
10.0,81.9,1.0,2.9,0.0,0.0,40.0,3956127651.0,0.0,0.0,0.0,128.0,0.0
10.0,81.9,1.0,2.9,0.0,0.0,40.0,3956127854.0,0.0,0.0,0.0,128.0,0.0
10.0,81.9,1.0,2.9,0.0,0.0,40.0,3956128056.0,0.0,0.0,0.0,128.0,0.0
10.0,81.9,1.0,2.9,0.0,0.0,40.0,3956128257.0,0.0,0.0,0.0,128.0,0.0
10.0,81.9,1.0,2.9,0.0,0.0,40.0,3956128459.0,0.0,0.0,0.0,128.0,0.0
10.0,81.9,1.0,2.9,0.0,0.0,40.0,3956128661.0,0.0,0.0,0.0,128.0,0.0
10.0,81.9,1.0,2.9,0.0,0.0,40.0,3956128864.0,0.0,0.0,0.0,128.0,0.0
10.0,81.9,1.0,2.9,38.956225,38.806959,40.228982,3956139996.0,430.0,920.0,18.677549,128.0,261.0
10.0,81.9,1.0,2.9,38.634483,38.31337,40.656593,3956140196.0,430.0,940.0,18.978295,128.0,131.0
10.0,81.9,1.0,2.9,38.854822,39.027796,40.216687,3956140395.0,410.0,920.0,11.420312,128.0,132.0
10.0,81.9,1.0,2.9,39.733134,39.618743,40.018203,3956140594.0,410.0,920.0,12.934049,128.0,131.0
10.0,81.9,1.0,2.9,38.94824,38.882485,39.916652,3956140793.0,430.0,960.0,16.474016,128.0,131.0
10.0,81.9,1.0,2.9,37.961887,37.479407,40.882951,3956140993.0,410.0,920.0,16.271148,128.0,132.0
10.0,81.9,1.0,2.9,38.357808,37.95407,39.642399,3956141192.0,430.0,920.0,17.490291,128.0,131.0
10.0,81.9,1.0,2.9,38.036812,37.715878,39.669659,3956141392.0,410.0,920.0,15.277866,128.0,131.0
10.0,81.9,1.0,2.9,38.162253,38.067324,38.980356,3956141591.0,430.0,920.0,12.367018,128.0,131.0
10.0,81.9,1.0,2.9,38.371011,37.973128,40.144838,3956141790.0,430.0,960.0,19.394318,128.0,131.0
10.0,81.9,1.0,2.9,31.202353,31.545593,40.213485,3956152921.0,430.0,920.0,16.467078,128.0,262.0
10.0,81.9,1.0,2.9,31.683432,31.397364,40.5399,3956153122.0,430.0,920.0,20.364262,128.0,131.0
10.0,81.9,1.0,2.9,31.747113,30.999543,39.472972,3956153323.0,430.0,920.0,15.920053,128.0,131.0
10.0,81.9,1.0,2.9,31.842781,31.8523,40.346722,3956153525.0,450.0,940.0,17.330544,128.0,132.0
10.0,81.9,1.0,2.9,32.126139,31.90789,40.454175,3956153729.0,430.0,920.0,13.397673,128.0,131.0
10.0,81.9,1.0,2.9,32.031467,31.66005,41.053502,3956153931.0,450.0,940.0,16.741572,128.0,132.0
10.0,81.9,1.0,2.9,32.444656,32.269347,40.255822,3956154133.0,430.0,920.0,23.492977,128.0,131.0
10.0,81.9,1.0,2.9,33.027203,32.99455,39.562642,3956154334.0,430.0,920.0,22.820311,128.0,131.0
10.0,81.9,1.0,2.9,32.89796,33.062523,39.295517,3956154537.0,450.0,940.0,13.232772,128.0,132.0
10.0,81.9,1.0,2.9,33.410467,33.542342,40.091934,3956154740.0,450.0,960.0,12.448103,128.0,132.0
10.0,81.9,1.0,2.9,30.39912,30.28374,39.388512,3956165872.0,450.0,920.0,17.653256,128.0,261.0
10.0,81.9,1.0,2.9,30.935422,31.064271,40.275559,3956166071.0,430.0,920.0,22.575682,128.0,132.0
10.0,81.9,1.0,2.9,30.586516,30.66534,41.076961,3956166271.0,430.0,920.0,15.475102,128.0,131.0
10.0,81.9,1.0,2.9,31.029195,30.945029,41.235711,3956166470.0,430.0,920.0,20.557027,128.0,132.0
10.0,81.9,1.0,2.9,30.714105,30.832679,39.796037,3956166670.0,430.0,940.0,12.315355,128.0,131.0
10.0,81.9,1.0,2.9,31.4732,31.329116,38.823129,3956166869.0,450.0,940.0,17.363877,128.0,131.0
10.0,81.9,1.0,2.9,31.680887,31.484501,40.042035,3956167069.0,430.0,920.0,15.545332,128.0,131.0
10.0,81.9,1.0,2.9,32.154453,32.215047,40.126431,3956167268.0,430.0,920.0,13.013126,128.0,131.0
10.0,81.9,1.0,2.9,32.455519,32.029155,39.571138,3956167467.0,430.0,920.0,17.995875,128.0,132.0
10.0,81.9,1.0,2.9,28.424563,33.892078,42.458709,3956167667.0,0.0,0.0,62.070337,128.0,131.0
10.0,81.9,1.0,2.9,0.308536,0.628544,41.25378,3956178797.0,0.0,0.0,13.416262,128.0,262.0
10.0,81.9,1.0,2.9,0.296217,-0.065418,40.528305,3956178997.0,0.0,0.0,7.078522,128.0,131.0
10.0,81.9,1.0,2.9,0.155205,-0.120702,40.817053,3956179197.0,0.0,0.0,19.57624,128.0,131.0
10.0,81.9,1.0,2.9,0.307997,0.222434,40.795315,3956179396.0,0.0,0.0,8.570399,128.0,132.0
10.0,81.9,1.0,2.9,0.641622,-0.389718,40.718524,3956179596.0,0.0,0.0,13.795403,128.0,132.0
10.0,81.9,1.0,2.9,-0.357092,0.049292,38.599129,3956179796.0,0.0,0.0,20.358371,128.0,131.0
10.0,81.9,1.0,2.9,0.125834,0.073534,39.198723,3956179995.0,0.0,0.0,4.979876,128.0,132.0
10.0,81.9,1.0,2.9,-0.780764,-0.564661,39.145937,3956180197.0,0.0,0.0,6.336866,128.0,132.0
10.0,81.9,1.0,2.9,0.019791,-0.004299,39.981701,3956180399.0,0.0,0.0,0.699303,128.0,132.0
10.0,81.9,1.0,2.9,0.382464,0.271248,39.440348,3956180601.0,0.0,0.0,18.624458,128.0,132.0
10.0,81.9,1.0,2.9,0.0,0.0,40.0,3956191737.0,0.0,0.0,0.0,128.0,262.0
10.0,81.9,1.0,2.9,0.226841,0.218669,40.051303,3956191939.0,0.0,0.0,11.824707,128.0,131.0
10.0,81.9,1.0,2.9,-0.543873,-0.500887,39.85619,3956192141.0,0.0,0.0,12.773987,128.0,131.0
10.0,81.9,1.0,2.9,0.020426,0.797027,39.181159,3956192345.0,0.0,0.0,3.207427,128.0,132.0
10.0,81.9,1.0,2.9,0.0,0.0,40.0,3956192547.0,0.0,0.0,0.0,128.0,132.0
10.0,81.9,1.0,2.9,0.084507,0.071515,38.401308,3956192750.0,0.0,0.0,3.230924,128.0,132.0
10.0,81.9,1.0,2.9,0.000969,0.593464,39.999507,3956192952.0,0.0,0.0,5.11624,128.0,132.0
10.0,81.9,1.0,2.9,-0.069777,0.330714,40.000012,3956193157.0,0.0,0.0,7.996535,128.0,132.0
10.0,81.9,1.0,2.9,-0.214228,0.029251,40.002314,3956193359.0,0.0,0.0,17.537346,128.0,131.0
10.0,81.9,1.0,2.9,-0.196373,-0.087046,40.036682,3956193562.0,0.0,0.0,18.801767,128.0,132.0
10.0,81.9,1.0,2.9,-0.536786,-0.710613,39.691824,3956204697.0,0.0,0.0,9.438873,128.0,262.0
10.0,81.9,1.0,2.9,-0.050291,0.114936,41.581858,3956204899.0,0.0,0.0,6.793282,128.0,131.0
10.0,81.9,1.0,2.9,0.634888,0.084358,40.798195,3956205102.0,0.0,0.0,12.604564,128.0,132.0
10.0,81.9,1.0,2.9,0.079562,-0.018438,39.927298,3956205306.0,0.0,0.0,2.602316,128.0,131.0
10.0,81.9,1.0,2.9,-0.33038,0.748547,41.071416,3956205509.0,0.0,0.0,16.646229,128.0,132.0
10.0,81.9,1.0,2.9,0.019791,-0.004299,40.781701,3956205711.0,0.0,0.0,0.699303,128.0,131.0
10.0,81.9,1.0,2.9,0.054247,0.04403,39.998847,3956205913.0,0.0,0.0,2.012447,128.0,131.0
10.0,81.9,1.0,2.9,-0.038118,-0.029816,40.001642,3956206119.0,0.0,0.0,1.36862,128.0,132.0
10.0,81.9,1.0,2.9,0.0,0.0,40.8,3956206321.0,0.0,0.0,0.0,128.0,131.0
10.0,81.9,1.0,2.9,0.834246,-0.036124,40.835956,3956206524.0,0.0,0.0,4.346705,128.0,132.0
10.0,81.9,1.0,2.9,0.0,0.0,40.0,3956217660.0,0.0,0.0,0.0,128.0,262.0
10.0,81.9,1.0,2.9,0.216661,0.195193,40.813657,3956217863.0,0.0,0.0,7.48911,128.0,131.0
10.0,81.9,1.0,2.9,0.684822,0.577144,40.108533,3956218066.0,0.0,0.0,8.848206,128.0,131.0
10.0,81.9,1.0,2.9,0.018786,-0.033427,41.582522,3956218268.0,0.0,0.0,1.39411,128.0,132.0
10.0,81.9,1.0,2.9,-0.357319,0.037396,39.928246,3956218471.0,0.0,0.0,21.323297,128.0,131.0
10.0,81.9,1.0,2.9,0.0,0.0,40.0,3956218677.0,0.0,0.0,0.0,128.0,132.0
10.0,81.9,1.0,2.9,0.071066,0.078266,40.816818,3956218879.0,0.0,0.0,8.203494,128.0,131.0
10.0,81.9,1.0,2.9,-0.749922,-0.586364,39.182456,3956219082.0,0.0,0.0,5.81355,128.0,131.0
10.0,81.9,1.0,2.9,-0.158502,0.483526,40.587227,3956219288.0,0.0,0.0,16.312349,128.0,132.0
10.0,81.9,1.0,2.9,0.752499,-0.166664,38.510385,3956219490.0,0.0,0.0,3.735952,128.0,131.0
10.0,81.9,1.0,2.9,-0.103124,-0.062457,40.63799,3956230626.0,0.0,0.0,18.205566,128.0,261.0
10.0,81.9,1.0,2.9,-0.240842,0.501367,40.610107,3956230829.0,0.0,0.0,14.625477,128.0,131.0
10.0,81.9,1.0,2.9,0.477874,0.322009,40.346911,3956231034.0,0.0,0.0,13.968885,128.0,132.0
10.0,81.9,1.0,2.9,0.835023,-0.193665,39.201661,3956231237.0,0.0,0.0,2.17692,128.0,131.0
10.0,81.9,1.0,2.9,0.592624,0.423797,40.068829,3956231440.0,0.0,0.0,11.943404,128.0,131.0
10.0,81.9,1.0,2.9,0.2215,-0.065558,38.981773,3956231646.0,0.0,0.0,6.942879,128.0,131.0
10.0,81.9,1.0,2.9,0.294538,-0.305326,40.035403,3956231849.0,0.0,0.0,16.331829,128.0,132.0
10.0,81.9,1.0,2.9,-0.215793,-0.177512,40.802564,3956232054.0,0.0,0.0,6.455133,128.0,132.0
10.0,81.9,1.0,2.9,-0.202948,0.062851,40.200806,3956232257.0,0.0,0.0,16.608675,128.0,132.0
10.0,81.9,1.0,2.9,0.507546,-0.172978,39.404507,3956232460.0,0.0,0.0,14.293062,128.0,132.0
10.0,81.9,1.0,2.9,-0.417772,0.283538,39.90457,3956243596.0,0.0,0.0,18.214048,128.0,262.0
10.0,81.9,1.0,2.9,-0.22944,-0.190988,40.000654,3956243799.0,0.0,0.0,6.866147,128.0,132.0
10.0,81.9,1.0,2.9,0.099873,0.00825,40.708958,3956244002.0,0.0,0.0,3.862873,128.0,131.0
10.0,81.9,1.0,2.9,0.027239,0.105423,40.071528,3956244207.0,0.0,0.0,7.810289,128.0,131.0
10.0,81.9,1.0,2.9,0.015396,-0.1037,40.001374,3956244411.0,0.0,0.0,3.196389,128.0,131.0
10.0,81.9,1.0,2.9,-0.670525,-0.049704,40.726274,3956244614.0,0.0,0.0,12.001149,128.0,131.0
10.0,81.9,1.0,2.9,0.239772,0.104,39.194177,3956244819.0,0.0,0.0,8.706612,128.0,131.0
10.0,81.9,1.0,2.9,0.059815,-0.013232,40.745324,3956245023.0,0.0,0.0,2.000443,128.0,131.0
10.0,81.9,1.0,2.9,0.0,0.0,40.0,3956245228.0,0.0,0.0,0.0,128.0,131.0
10.0,81.9,1.0,2.9,31.451872,31.677129,39.217105,3956245977.0,350.0,780.0,15.31661,128.0,20.0
10.0,81.9,1.0,2.9,38.071347,37.958764,39.907837,3956246176.0,350.0,780.0,16.956187,128.0,131.0
10.0,81.9,1.0,2.9,37.627034,37.646237,39.930271,3956246375.0,350.0,800.0,11.161695,128.0,131.0
10.0,81.9,1.0,2.9,37.309982,37.353094,40.987136,3956246575.0,370.0,840.0,17.072198,128.0,132.0
10.0,81.9,1.0,2.9,37.067875,36.872934,38.839633,3956246774.0,370.0,840.0,16.056437,128.0,131.0
10.0,81.9,1.0,2.9,36.632758,36.229824,40.090548,3956246974.0,370.0,820.0,10.483189,128.0,132.0
10.0,81.9,1.0,2.9,35.958471,35.745057,39.905557,3956247173.0,390.0,860.0,18.370849,128.0,131.0
10.0,81.9,1.0,2.9,35.48444,35.294535,40.752271,3956247372.0,390.0,860.0,17.015474,128.0,131.0
10.0,81.9,1.0,2.9,35.128705,35.057241,40.108476,3956247572.0,390.0,860.0,11.804833,128.0,131.0
10.0,81.9,1.0,2.9,35.086189,35.495761,40.181445,3956247772.0,390.0,880.0,12.929522,128.0,131.0
10.0,81.9,1.0,2.9,35.951518,35.544709,39.706141,3956258902.0,430.0,960.0,17.940695,128.0,262.0
10.0,81.9,1.0,2.9,35.716161,35.660056,39.539574,3956259101.0,430.0,940.0,12.856254,128.0,131.0
10.0,81.9,1.0,2.9,36.614597,36.397426,39.528543,3956259301.0,410.0,900.0,15.537018,128.0,132.0
10.0,81.9,1.0,2.9,36.143605,36.270422,40.532635,3956259500.0,430.0,940.0,15.471103,128.0,131.0
10.0,81.9,1.0,2.9,37.237508,37.345498,40.833147,3956259700.0,430.0,940.0,15.152386,128.0,132.0
10.0,81.9,1.0,2.9,36.42143,36.001336,41.180303,3956259899.0,430.0,960.0,20.187741,128.0,131.0
10.0,81.9,1.0,2.9,36.889488,36.209685,39.914091,3956260098.0,450.0,980.0,16.683669,128.0,131.0
10.0,81.9,1.0,2.9,37.096721,37.006574,39.761898,3956260298.0,430.0,960.0,14.095809,128.0,132.0
10.0,81.9,1.0,2.9,37.519194,37.03428,39.350796,3956260497.0,430.0,940.0,17.445248,128.0,131.0
10.0,81.9,1.0,2.9,37.242425,37.051141,40.02455,3956260696.0,410.0,940.0,12.67943,128.0,131.0
10.0,81.9,1.0,2.9,36.791913,36.260482,39.843749,3956271827.0,430.0,960.0,17.047355,128.0,262.0
10.0,81.9,1.0,2.9,35.775193,35.482366,39.961632,3956272027.0,410.0,920.0,16.348325,128.0,132.0
10.0,81.9,1.0,2.9,36.34642,36.230118,40.637595,3956272226.0,430.0,940.0,20.616794,128.0,132.0
10.0,81.9,1.0,2.9,36.514107,36.166008,39.066685,3956272426.0,430.0,960.0,17.319787,128.0,131.0
10.0,81.9,1.0,2.9,36.81447,36.805455,39.712597,3956272626.0,430.0,960.0,14.241042,128.0,131.0
10.0,81.9,1.0,2.9,37.45991,37.506928,39.958893,3956272826.0,430.0,960.0,13.90931,128.0,132.0
10.0,81.9,1.0,2.9,37.308669,37.058569,39.54825,3956273026.0,430.0,940.0,17.114068,128.0,132.0
10.0,81.9,1.0,2.9,36.867436,36.576101,39.761589,3956273225.0,430.0,940.0,19.702691,128.0,132.0
10.0,81.9,1.0,2.9,37.037947,37.333451,40.215489,3956273425.0,430.0,960.0,17.93141,128.0,131.0
10.0,81.9,1.0,2.9,37.357368,37.268509,40.160847,3956273625.0,430.0,940.0,18.871586,128.0,131.0
10.0,81.9,1.0,2.9,35.73682,35.972713,40.126847,3956284756.0,430.0,960.0,15.625913,128.0,262.0
10.0,81.9,1.0,2.9,35.683652,35.588248,39.343706,3956284955.0,430.0,940.0,14.354322,128.0,132.0
10.0,81.9,1.0,2.9,35.855163,35.661888,39.438501,3956285155.0,430.0,960.0,13.616739,128.0,132.0
10.0,81.9,1.0,2.9,36.978745,36.271158,39.852952,3956285355.0,450.0,960.0,14.129609,128.0,132.0
10.0,81.9,1.0,2.9,37.055734,36.443468,39.970168,3956285555.0,430.0,940.0,15.531331,128.0,132.0
10.0,81.9,1.0,2.9,36.834154,36.292675,40.180011,3956285755.0,430.0,920.0,15.487936,128.0,131.0
10.0,81.9,1.0,2.9,37.046927,36.638166,39.786038,3956285954.0,430.0,960.0,20.319908,128.0,131.0
10.0,81.9,1.0,2.9,36.456764,36.828588,40.969244,3956286154.0,430.0,960.0,13.16214,128.0,132.0
10.0,81.9,1.0,2.9,36.930916,36.686484,40.217729,3956286354.0,410.0,920.0,17.95801,128.0,132.0
10.0,81.9,1.0,2.9,37.751887,37.132369,39.698999,3956286554.0,430.0,940.0,18.911616,128.0,131.0
10.0,81.9,1.0,2.9,36.176191,35.688484,40.805756,3956297685.0,430.0,940.0,13.358918,128.0,261.0
10.0,81.9,1.0,2.9,36.610595,36.618763,39.725778,3956297885.0,430.0,960.0,13.663997,128.0,131.0
10.0,81.9,1.0,2.9,36.500606,35.855796,39.7548,3956298084.0,410.0,920.0,17.044364,128.0,131.0
10.0,81.9,1.0,2.9,36.520151,36.930244,40.033726,3956298284.0,430.0,960.0,10.203056,128.0,131.0
10.0,81.9,1.0,2.9,36.654139,36.243698,39.831762,3956298484.0,430.0,940.0,19.019405,128.0,132.0
10.0,81.9,1.0,2.9,36.991242,36.724861,41.165747,3956298684.0,430.0,960.0,17.38574,128.0,131.0
10.0,81.9,1.0,2.9,36.920953,36.385817,39.678997,3956298883.0,430.0,940.0,23.061833,128.0,131.0
10.0,81.9,1.0,2.9,37.306321,37.247218,38.988712,3956299083.0,430.0,960.0,19.522037,128.0,131.0
10.0,81.9,1.0,2.9,36.97178,36.577102,39.346171,3956299283.0,410.0,940.0,13.254013,128.0,132.0
10.0,81.9,1.0,2.9,36.754278,36.600877,40.071658,3956299483.0,410.0,940.0,19.051441,128.0,132.0
10.0,81.9,1.0,2.9,36.410148,35.913122,40.080021,3956310613.0,430.0,960.0,14.424226,128.0,261.0
10.0,81.9,1.0,2.9,35.640517,35.308046,39.159714,3956310813.0,430.0,940.0,11.979879,128.0,130.0
10.0,81.9,1.0,2.9,36.838928,36.588458,40.842531,3956311013.0,430.0,940.0,16.007846,128.0,131.0
10.0,81.9,1.0,2.9,31.876342,37.356286,43.377998,3956311213.0,0.0,0.0,54.012693,128.0,132.0
10.0,81.9,1.0,2.9,-0.64459,-0.437861,40.654278,3956311412.0,0.0,0.0,11.855775,128.0,131.0
10.0,81.9,1.0,2.9,0.154301,0.112357,40.035481,3956311612.0,0.0,0.0,8.831339,128.0,131.0
10.0,81.9,1.0,2.9,0.312047,-0.179306,40.418838,3956311812.0,0.0,0.0,11.627453,128.0,132.0
10.0,81.9,1.0,2.9,0.504742,0.411507,39.218251,3956312012.0,0.0,0.0,9.974728,128.0,132.0
10.0,81.9,1.0,2.9,-1.119964,0.495531,40.289212,3956312211.0,0.0,0.0,23.462157,128.0,131.0
10.0,81.9,1.0,2.9,-0.055688,-0.032886,39.184679,3956312411.0,0.0,0.0,4.012166,128.0,132.0
10.0,81.9,1.0,2.9,-0.836877,-0.481018,40.781651,3956323542.0,0.0,0.0,5.609943,128.0,262.0
10.0,81.9,1.0,2.9,0.019791,-0.004299,40.781701,3956323741.0,0.0,0.0,0.699303,128.0,132.0
10.0,81.9,1.0,2.9,-0.481503,-0.840299,38.251517,3956323941.0,0.0,0.0,16.240467,128.0,131.0
10.0,81.9,1.0,2.9,-0.575314,0.146217,40.543483,3956324141.0,0.0,0.0,7.587698,128.0,131.0
10.0,81.9,1.0,2.9,0.146581,0.63726,39.750214,3956324341.0,0.0,0.0,13.636709,128.0,132.0
10.0,81.9,1.0,2.9,0.814812,-0.206774,40.003744,3956324540.0,0.0,0.0,2.960228,128.0,131.0
10.0,81.9,1.0,2.9,0.019791,-0.004299,40.781701,3956324740.0,0.0,0.0,0.699303,128.0,131.0
10.0,81.9,1.0,2.9,0.0,0.0,40.8,3956324940.0,0.0,0.0,0.0,128.0,131.0
10.0,81.9,1.0,2.9,0.0,0.0,40.8,3956325140.0,0.0,0.0,0.0,128.0,131.0
10.0,81.9,1.0,2.9,-0.792978,-0.388506,39.926658,3956325340.0,0.0,0.0,7.890293,128.0,131.0
10.0,81.9,1.0,2.9,-0.688475,-0.277255,39.355837,3956336470.0,0.0,0.0,22.30151,128.0,262.0
10.0,81.9,1.0,2.9,-0.696343,0.171815,40.653492,3956336670.0,0.0,0.0,5.41434,128.0,131.0
10.0,81.9,1.0,2.9,-0.138901,0.030644,39.326882,3956336870.0,0.0,0.0,4.212908,128.0,131.0
10.0,81.9,1.0,2.9,-0.43885,-0.110875,39.600377,3956337069.0,0.0,0.0,24.588205,128.0,132.0
10.0,81.9,1.0,2.9,-0.455084,0.079837,39.599791,3956337269.0,0.0,0.0,9.991545,128.0,132.0
10.0,81.9,1.0,2.9,-0.302246,-0.043529,39.201793,3956337469.0,0.0,0.0,11.844834,128.0,131.0
10.0,81.9,1.0,2.9,-0.484514,0.041534,40.491514,3956337669.0,0.0,0.0,11.983335,128.0,131.0
10.0,81.9,1.0,2.9,0.457779,0.418161,38.432392,3956337869.0,0.0,0.0,9.983481,128.0,131.0
10.0,81.9,1.0,2.9,0.0,0.0,40.0,3956338068.0,0.0,0.0,0.0,128.0,132.0
10.0,81.9,1.0,2.9,0.160184,0.170973,38.432105,3956338268.0,0.0,0.0,7.444947,128.0,132.0
10.0,81.9,1.0,2.9,0.684608,0.498264,39.292232,3956349399.0,0.0,0.0,9.882231,128.0,262.0
10.0,81.9,1.0,2.9,-0.001635,0.019054,39.217602,3956349599.0,0.0,0.0,1.400616,128.0,131.0
10.0,81.9,1.0,2.9,-0.291154,-0.645519,41.223184,3956349799.0,0.0,0.0,15.578506,128.0,131.0
10.0,81.9,1.0,2.9,-0.409494,-0.469892,41.203519,3956349998.0,0.0,0.0,21.37159,128.0,131.0
10.0,81.9,1.0,2.9,0.576533,0.10514,39.36185,3956350198.0,0.0,0.0,14.584025,128.0,132.0
10.0,81.9,1.0,2.9,-0.58782,-0.425276,40.805656,3956350398.0,0.0,0.0,9.065106,128.0,132.0
10.0,81.9,1.0,2.9,0.03677,0.01009,40.782233,3956350598.0,0.0,0.0,1.400664,128.0,132.0
10.0,81.9,1.0,2.9,-0.817441,-0.097442,40.76448,3956350797.0,0.0,0.0,14.035957,128.0,131.0
10.0,81.9,1.0,2.9,0.264444,0.216673,39.248859,3956350997.0,0.0,0.0,11.476631,128.0,132.0
10.0,81.9,1.0,2.9,0.624837,0.40452,40.801957,3956351197.0,0.0,0.0,9.800579,128.0,132.0
10.0,81.9,1.0,2.9,-0.019039,-0.044714,40.000793,3956362327.0,0.0,0.0,1.391919,128.0,261.0
10.0,81.9,1.0,2.9,-0.04117,0.007683,40.836918,3956362527.0,0.0,0.0,7.086953,128.0,131.0
10.0,81.9,1.0,2.9,-0.197463,-0.201468,40.768369,3956362727.0,0.0,0.0,8.175288,128.0,131.0
10.0,81.9,1.0,2.9,0.174621,-0.034085,39.999545,3956362927.0,0.0,0.0,17.780328,128.0,132.0
10.0,81.9,1.0,2.9,-0.84027,-0.046107,39.200397,3956363127.0,0.0,0.0,5.843184,128.0,132.0
10.0,81.9,1.0,2.9,0.145907,0.118256,39.996636,3956363326.0,0.0,0.0,4.774156,128.0,131.0
10.0,81.9,1.0,2.9,-0.058387,0.042843,40.725407,3956363526.0,0.0,0.0,10.882267,128.0,131.0
10.0,81.9,1.0,2.9,-0.123667,-0.233326,39.344978,3956363726.0,0.0,0.0,10.908085,128.0,131.0
10.0,81.9,1.0,2.9,-0.608894,-0.392366,39.99868,3956363926.0,0.0,0.0,12.915372,128.0,132.0
10.0,81.9,1.0,2.9,-0.421165,0.081566,39.601031,3956364126.0,0.0,0.0,9.239784,128.0,132.0
10.0,81.9,1.0,2.9,-0.032155,-0.027739,40.798743,3956375256.0,0.0,0.0,2.809811,128.0,262.0
10.0,81.9,1.0,2.9,0.378822,0.057057,39.54291,3956375456.0,0.0,0.0,16.513959,128.0,131.0
10.0,81.9,1.0,2.9,-0.954532,0.377098,41.689729,3956375656.0,0.0,0.0,9.804652,128.0,131.0
10.0,81.9,1.0,2.9,0.0,0.0,40.0,3956375856.0,0.0,0.0,0.0,128.0,132.0
10.0,81.9,1.0,2.9,0.039646,-0.007978,40.763724,3956376055.0,0.0,0.0,1.366126,128.0,132.0
10.0,81.9,1.0,2.9,0.068153,0.056519,39.200794,3956376255.0,0.0,0.0,8.364754,128.0,131.0
10.0,81.9,1.0,2.9,0.616308,0.362736,39.197655,3956376455.0,0.0,0.0,10.358008,128.0,131.0
10.0,81.9,1.0,2.9,0.072924,-0.107088,39.854379,3956376654.0,0.0,0.0,7.901063,128.0,132.0
10.0,81.9,1.0,2.9,-0.718972,-0.065374,40.001016,3956376854.0,0.0,0.0,13.502235,128.0,132.0
10.0,81.9,1.0,2.9,-0.102929,0.060047,40.926561,3956377054.0,0.0,0.0,5.583702,128.0,131.0
10.0,81.9,1.0,2.9,0.52284,-0.182666,40.001407,3956388185.0,0.0,0.0,16.407204,128.0,261.0
10.0,81.9,1.0,2.9,0.0,0.0,40.0,3956388384.0,0.0,0.0,0.0,128.0,131.0
10.0,81.9,1.0,2.9,0.272791,0.144866,38.871572,3956388584.0,0.0,0.0,15.64937,128.0,132.0
10.0,81.9,1.0,2.9,0.707453,0.51687,39.290498,3956388784.0,0.0,0.0,9.13373,128.0,131.0
10.0,81.9,1.0,2.9,-0.012069,0.829626,40.780546,3956388983.0,0.0,0.0,3.408706,128.0,131.0
10.0,81.9,1.0,2.9,0.595159,-0.132177,39.454537,3956389183.0,0.0,0.0,6.847738,128.0,132.0
10.0,81.9,1.0,2.9,0.55648,-0.157129,39.201764,3956389383.0,0.0,0.0,13.134147,128.0,131.0
10.0,81.9,1.0,2.9,-0.833226,0.037283,39.963134,3956389583.0,0.0,0.0,4.325689,128.0,131.0
10.0,81.9,1.0,2.9,-0.064727,-0.125395,40.712624,3956389782.0,0.0,0.0,9.128702,128.0,131.0
10.0,81.9,1.0,2.9,33.552984,33.326124,39.641035,3956396134.0,330.0,780.0,20.882656,128.0,20.0
10.0,81.9,1.0,2.9,38.101217,37.528699,40.106402,3956396333.0,350.0,800.0,14.029482,128.0,131.0
10.0,81.9,1.0,2.9,38.875977,38.581897,40.307894,3956396533.0,350.0,800.0,23.664068,128.0,131.0
10.0,81.9,1.0,2.9,37.580669,37.812197,41.252519,3956396732.0,370.0,840.0,24.502078,128.0,132.0
10.0,81.9,1.0,2.9,36.775001,36.479607,38.658402,3956396932.0,370.0,860.0,15.483046,128.0,131.0
10.0,81.9,1.0,2.9,36.296281,35.951195,40.426099,3956397131.0,390.0,860.0,24.403021,128.0,132.0
10.0,81.9,1.0,2.9,36.088417,35.957365,41.742955,3956397330.0,370.0,880.0,12.838766,128.0,131.0
10.0,81.9,1.0,2.9,35.894061,35.829727,40.330417,3956397530.0,390.0,900.0,14.965495,128.0,132.0
10.0,81.9,1.0,2.9,35.279999,35.190145,39.292593,3956397729.0,410.0,900.0,18.947345,128.0,131.0
10.0,81.9,1.0,2.9,35.375132,34.934337,38.923633,3956397929.0,410.0,900.0,15.124712,128.0,132.0
10.0,81.9,1.0,2.9,36.769904,36.644039,39.369525,3956409059.0,430.0,940.0,17.808229,128.0,262.0
10.0,81.9,1.0,2.9,36.619885,36.672295,40.742959,3956409258.0,430.0,960.0,14.064599,128.0,131.0
10.0,81.9,1.0,2.9,37.280703,36.901187,39.848869,3956409458.0,430.0,960.0,20.108378,128.0,131.0
10.0,81.9,1.0,2.9,37.26361,36.502576,39.792025,3956409657.0,410.0,940.0,20.366747,128.0,131.0
10.0,81.9,1.0,2.9,36.752292,36.518186,41.462932,3956409857.0,430.0,960.0,16.256518,128.0,131.0
10.0,81.9,1.0,2.9,37.171476,36.828153,41.480993,3956410057.0,430.0,960.0,16.564016,128.0,131.0
10.0,81.9,1.0,2.9,37.545447,36.897166,40.037059,3956410256.0,450.0,1000.0,11.045092,128.0,131.0
10.0,81.9,1.0,2.9,37.517977,37.510045,39.295173,3956410455.0,430.0,960.0,14.025672,128.0,131.0
10.0,81.9,1.0,2.9,36.686505,36.16953,40.284658,3956410655.0,430.0,960.0,19.464205,128.0,132.0
10.0,81.9,1.0,2.9,37.347513,36.627088,39.971507,3956410854.0,430.0,980.0,14.475753,128.0,131.0
10.0,81.9,1.0,2.9,35.981661,35.594752,40.442906,3956421984.0,450.0,980.0,18.648865,128.0,262.0
10.0,81.9,1.0,2.9,35.908684,36.047098,39.08919,3956422184.0,430.0,960.0,15.813168,128.0,131.0
10.0,81.9,1.0,2.9,36.470617,36.161764,39.191679,3956422383.0,430.0,960.0,15.259059,128.0,132.0
10.0,81.9,1.0,2.9,36.439127,36.227429,40.950042,3956422583.0,430.0,1000.0,15.717509,128.0,131.0
10.0,81.9,1.0,2.9,36.553068,36.448827,41.166572,3956422782.0,430.0,980.0,18.416864,128.0,131.0
10.0,81.9,1.0,2.9,37.292214,36.425986,39.037007,3956422982.0,430.0,960.0,11.456636,128.0,131.0
10.0,81.9,1.0,2.9,35.50704,35.065332,39.122676,3956423181.0,430.0,980.0,9.13831,128.0,131.0
10.0,81.9,1.0,2.9,36.174789,36.0972,40.253871,3956423381.0,430.0,940.0,16.286277,128.0,132.0
10.0,81.9,1.0,2.9,36.861383,37.050545,40.74434,3956423580.0,410.0,940.0,14.642784,128.0,131.0
10.0,81.9,1.0,2.9,36.311531,35.765956,39.743974,3956423779.0,410.0,960.0,19.318848,128.0,132.0
10.0,81.9,1.0,2.9,35.058185,35.0815,41.085677,3956434910.0,410.0,920.0,12.102267,128.0,261.0
10.0,81.9,1.0,2.9,35.840955,35.66727,39.454143,3956435110.0,430.0,940.0,10.805852,128.0,131.0
10.0,81.9,1.0,2.9,36.091652,35.662284,39.367461,3956435309.0,430.0,980.0,11.962342,128.0,132.0
10.0,81.9,1.0,2.9,35.773583,35.549,41.05285,3956435509.0,450.0,960.0,15.885684,128.0,132.0
10.0,81.9,1.0,2.9,35.913945,35.7543,40.200606,3956435709.0,430.0,940.0,14.456078,128.0,131.0
10.0,81.9,1.0,2.9,35.891696,35.544132,39.43767,3956435909.0,430.0,980.0,18.357486,128.0,131.0
10.0,81.9,1.0,2.9,35.639276,35.335613,39.313163,3956436109.0,430.0,960.0,13.569753,128.0,132.0
10.0,81.9,1.0,2.9,36.355478,36.03598,39.784063,3956436308.0,430.0,960.0,16.48834,128.0,132.0
10.0,81.9,1.0,2.9,36.057582,35.594945,40.210709,3956436508.0,430.0,980.0,17.813538,128.0,132.0
10.0,81.9,1.0,2.9,36.099197,35.960459,40.89293,3956436708.0,430.0,960.0,18.243569,128.0,131.0
10.0,81.9,1.0,2.9,35.461555,35.451159,39.89598,3956447838.0,430.0,980.0,13.275451,128.0,262.0
10.0,81.9,1.0,2.9,34.822778,35.004501,40.180122,3956448038.0,430.0,940.0,14.904019,128.0,132.0
10.0,81.9,1.0,2.9,35.89481,35.416023,40.747671,3956448238.0,430.0,960.0,13.559782,128.0,132.0
10.0,81.9,1.0,2.9,35.558266,35.148514,40.578513,3956448438.0,430.0,980.0,17.312885,128.0,131.0
10.0,81.9,1.0,2.9,36.12498,36.238604,39.102745,3956448637.0,430.0,960.0,14.083226,128.0,131.0
10.0,81.9,1.0,2.9,36.122306,36.286787,39.529521,3956448837.0,430.0,960.0,23.78901,128.0,132.0
10.0,81.9,1.0,2.9,36.017648,36.109435,38.986058,3956449037.0,430.0,960.0,14.023679,128.0,132.0
10.0,81.9,1.0,2.9,35.599255,35.362002,40.057631,3956449237.0,430.0,980.0,14.805404,128.0,132.0
10.0,81.9,1.0,2.9,36.545883,36.162344,40.14908,3956449437.0,430.0,960.0,12.425486,128.0,131.0
10.0,81.9,1.0,2.9,35.890317,35.431991,40.170064,3956449637.0,430.0,960.0,17.10925,128.0,131.0
10.0,81.9,1.0,2.9,35.132601,34.689103,39.892953,3956460768.0,410.0,940.0,9.475391,128.0,261.0
10.0,81.9,1.0,2.9,34.760049,34.78675,40.654722,3956460967.0,430.0,980.0,13.092337,128.0,131.0
10.0,81.9,1.0,2.9,35.222446,35.099134,39.893854,3956461167.0,410.0,940.0,13.894179,128.0,131.0
10.0,81.9,1.0,2.9,35.192224,34.848876,38.665057,3956461367.0,430.0,960.0,19.166041,128.0,132.0
10.0,81.9,1.0,2.9,35.477424,35.458964,40.311724,3956461567.0,430.0,980.0,15.804518,128.0,132.0
10.0,81.9,1.0,2.9,35.076511,35.2199,40.780137,3956461767.0,430.0,940.0,13.24711,128.0,132.0
10.0,81.9,1.0,2.9,35.529571,35.320542,40.285133,3956461966.0,410.0,920.0,17.358224,128.0,131.0
10.0,81.9,1.0,2.9,35.201978,35.714985,42.36019,3956462166.0,410.0,960.0,10.92971,128.0,131.0
10.0,81.9,1.0,2.9,36.075248,35.877127,39.365041,3956462366.0,430.0,960.0,14.190805,128.0,131.0
10.0,81.9,1.0,2.9,35.416807,35.171725,40.333544,3956462566.0,430.0,940.0,20.601536,128.0,131.0
10.0,81.9,1.0,2.9,34.91031,34.532973,39.679747,3956473697.0,430.0,980.0,19.612914,128.0,262.0
10.0,81.9,1.0,2.9,35.403106,35.05651,40.714225,3956473897.0,430.0,960.0,16.568966,128.0,131.0
10.0,81.9,1.0,2.9,35.055537,34.884066,39.631604,3956474096.0,430.0,960.0,22.3443,128.0,131.0
10.0,81.9,1.0,2.9,34.381203,34.303008,38.708994,3956474296.0,430.0,980.0,17.918166,128.0,131.0
10.0,81.9,1.0,2.9,36.211512,35.547741,39.801459,3956474496.0,430.0,960.0,17.187575,128.0,131.0
10.0,81.9,1.0,2.9,35.001984,34.548303,39.964778,3956474696.0,430.0,940.0,13.717114,128.0,131.0
10.0,81.9,1.0,2.9,35.209837,34.931968,39.627009,3956474896.0,430.0,980.0,18.207344,128.0,132.0
10.0,81.9,1.0,2.9,35.594873,35.126948,40.111939,3956475095.0,430.0,960.0,14.651601,128.0,132.0
10.0,81.9,1.0,2.9,35.045487,35.208897,39.910408,3956475295.0,430.0,960.0,10.288222,128.0,131.0
