10.0,81.9,1.0,2.9,24.359102,18.251343,40.999627,3954935573.0,350.0,540.0,24.86538,128.0,37.0
10.0,81.9,1.0,2.9,24.057619,17.453458,40.782312,3954935773.0,350.0,540.0,12.192249,128.0,131.0
10.0,81.9,1.0,2.9,24.06842,17.748066,38.785303,3954935972.0,350.0,560.0,15.482672,128.0,131.0
10.0,81.9,1.0,2.9,23.971702,17.905692,38.969156,3954936171.0,370.0,580.0,15.070664,128.0,132.0
10.0,81.9,1.0,2.9,23.890674,17.560627,38.675187,3954936370.0,370.0,580.0,17.496392,128.0,131.0
10.0,81.9,1.0,2.9,24.556343,17.838671,40.216259,3954936569.0,390.0,600.0,14.232175,128.0,131.0
10.0,81.9,1.0,2.9,24.370285,18.511013,39.930236,3954936769.0,390.0,620.0,14.203657,128.0,131.0
10.0,81.9,1.0,2.9,24.914461,19.250463,40.30584,3954936968.0,390.0,640.0,12.449265,128.0,132.0
10.0,81.9,1.0,2.9,25.563214,18.802579,40.969023,3954937167.0,390.0,640.0,14.948405,128.0,131.0
10.0,81.9,1.0,2.9,26.069414,19.814681,41.53115,3954937366.0,410.0,660.0,10.587039,128.0,131.0
10.0,81.9,1.0,2.9,29.512059,19.724928,39.709602,3954955268.0,450.0,840.0,14.866077,128.0,19.0
10.0,81.9,1.0,2.9,29.512059,19.724928,39.709602,3954955467.0,450.0,840.0,14.866077,128.0,132.0
10.0,81.9,1.0,2.9,29.226297,19.874346,39.552627,3954955586.0,450.0,800.0,20.178524,128.0,21.0
10.0,81.9,1.0,2.9,29.250871,20.209719,41.148213,3954955785.0,470.0,840.0,14.461446,128.0,131.0
10.0,81.9,1.0,2.9,30.187526,20.446895,39.106148,3954955984.0,450.0,820.0,22.281822,128.0,131.0
10.0,81.9,1.0,2.9,29.242858,19.432854,40.657945,3954956184.0,470.0,840.0,13.18455,128.0,132.0
10.0,81.9,1.0,2.9,30.038615,19.832024,40.092247,3954956383.0,450.0,840.0,14.524178,128.0,131.0
10.0,81.9,1.0,2.9,29.654192,20.726509,38.926074,3954956582.0,450.0,820.0,13.186248,128.0,131.0
10.0,81.9,1.0,2.9,31.112973,21.188425,38.275521,3954956781.0,450.0,820.0,11.111924,128.0,131.0
10.0,81.9,1.0,2.9,30.720044,21.418289,38.270534,3954956981.0,470.0,840.0,14.150603,128.0,132.0
10.0,81.9,1.0,2.9,30.864578,21.254814,41.195578,3954957180.0,470.0,840.0,16.535515,128.0,131.0
10.0,81.9,1.0,2.9,27.318359,20.080544,38.615612,3954968310.0,450.0,840.0,13.213583,128.0,262.0
10.0,81.9,1.0,2.9,27.996246,20.905014,40.855245,3954968510.0,450.0,820.0,19.564177,128.0,131.0
10.0,81.9,1.0,2.9,28.090119,20.719365,40.853895,3954968709.0,450.0,820.0,5.707956,128.0,131.0
10.0,81.9,1.0,2.9,27.362303,19.523623,37.889474,3954968909.0,450.0,820.0,13.014543,128.0,131.0
10.0,81.9,1.0,2.9,27.573632,20.945877,41.792349,3954969108.0,470.0,840.0,14.925073,128.0,131.0
10.0,81.9,1.0,2.9,27.377086,20.809114,40.033656,3954969308.0,450.0,820.0,10.550797,128.0,130.0
10.0,81.9,1.0,2.9,27.761453,20.303501,40.656295,3954969507.0,450.0,820.0,19.144596,128.0,132.0
10.0,81.9,1.0,2.9,28.075519,21.231083,39.013639,3954969707.0,430.0,800.0,14.003472,128.0,131.0
10.0,81.9,1.0,2.9,27.325932,19.999121,40.322895,3954969906.0,470.0,840.0,15.895526,128.0,131.0
10.0,81.9,1.0,2.9,28.068212,20.848879,40.131752,3954970106.0,450.0,840.0,15.230486,128.0,131.0
10.0,81.9,1.0,2.9,30.582154,23.866948,39.385036,3954981236.0,450.0,820.0,11.666398,128.0,261.0
10.0,81.9,1.0,2.9,30.500409,23.924241,39.960028,3954981435.0,450.0,820.0,13.18904,128.0,131.0
10.0,81.9,1.0,2.9,29.705652,23.580308,40.492196,3954981635.0,450.0,820.0,22.935407,128.0,131.0
10.0,81.9,1.0,2.9,29.70221,23.550894,40.833511,3954981834.0,450.0,820.0,16.342775,128.0,131.0
10.0,81.9,1.0,2.9,29.929815,23.105521,40.926767,3954982034.0,450.0,820.0,13.031211,128.0,131.0
10.0,81.9,1.0,2.9,30.281048,23.499252,39.725597,3954982233.0,450.0,820.0,18.322566,128.0,130.0
10.0,81.9,1.0,2.9,30.00546,23.874499,39.835216,3954982433.0,450.0,820.0,10.566155,128.0,131.0
10.0,81.9,1.0,2.9,30.110947,23.62004,40.183691,3954982632.0,470.0,820.0,15.907038,128.0,132.0
10.0,81.9,1.0,2.9,30.433952,23.457399,41.277699,3954982832.0,450.0,820.0,20.233505,128.0,131.0
10.0,81.9,1.0,2.9,31.587484,24.894551,39.550658,3954983031.0,450.0,820.0,15.815676,128.0,131.0
10.0,81.9,1.0,2.9,31.57777,24.991603,41.240282,3954994161.0,450.0,840.0,16.712369,128.0,262.0
10.0,81.9,1.0,2.9,31.033134,24.517963,39.547757,3954994360.0,450.0,820.0,19.258206,128.0,131.0
10.0,81.9,1.0,2.9,30.605187,23.914627,40.130611,3954994560.0,470.0,840.0,15.057717,128.0,131.0
10.0,81.9,1.0,2.9,30.347131,24.234885,40.496266,3954994759.0,470.0,840.0,18.608491,128.0,131.0
10.0,81.9,1.0,2.9,31.150633,24.297825,39.090107,3954994959.0,450.0,820.0,16.771674,128.0,131.0
10.0,81.9,1.0,2.9,30.752261,24.510155,40.620671,3954995158.0,450.0,820.0,9.773799,128.0,132.0
10.0,81.9,1.0,2.9,30.509898,24.26875,40.58632,3954995357.0,470.0,840.0,14.007344,128.0,131.0
10.0,81.9,1.0,2.9,31.983974,24.88812,39.127998,3954995557.0,450.0,820.0,10.633611,128.0,131.0
10.0,81.9,1.0,2.9,31.127549,24.56678,37.817684,3954995756.0,470.0,820.0,14.526381,128.0,131.0
10.0,81.9,1.0,2.9,31.539132,25.148483,40.604203,3954995956.0,450.0,820.0,12.339491,128.0,131.0
10.0,81.9,1.0,2.9,32.477237,25.905062,41.382173,3955007086.0,470.0,820.0,10.709633,128.0,262.0
10.0,81.9,1.0,2.9,32.110846,25.388739,39.780854,3955007285.0,470.0,820.0,24.892283,128.0,131.0
10.0,81.9,1.0,2.9,32.157578,25.737836,41.494646,3955007484.0,470.0,820.0,11.05132,128.0,131.0
10.0,81.9,1.0,2.9,31.473093,25.443623,38.668505,3955007684.0,450.0,820.0,17.566843,128.0,132.0
10.0,81.9,1.0,2.9,31.850185,25.506648,39.967706,3955007883.0,470.0,820.0,8.872148,128.0,131.0
10.0,81.9,1.0,2.9,30.812272,24.978484,40.982971,3955008082.0,470.0,840.0,9.924979,128.0,131.0
10.0,81.9,1.0,2.9,31.328498,25.790409,41.472628,3955008282.0,450.0,820.0,16.64389,128.0,131.0
10.0,81.9,1.0,2.9,31.394831,24.815455,41.219692,3955008481.0,450.0,800.0,13.171991,128.0,131.0
10.0,81.9,1.0,2.9,31.890895,24.646271,39.913841,3955008681.0,450.0,820.0,11.41619,128.0,132.0
10.0,81.9,1.0,2.9,31.253953,25.216382,40.070956,3955008880.0,470.0,820.0,8.109404,128.0,131.0
10.0,81.9,1.0,2.9,30.844284,24.593807,40.653035,3955020010.0,450.0,820.0,9.783231,128.0,262.0
10.0,81.9,1.0,2.9,31.802967,24.771826,40.295642,3955020210.0,450.0,800.0,24.639479,128.0,131.0
10.0,81.9,1.0,2.9,30.647983,24.239283,40.46014,3955020409.0,470.0,840.0,16.4512,128.0,131.0
10.0,81.9,1.0,2.9,30.750767,25.203171,39.472471,3955020608.0,450.0,820.0,17.613022,128.0,132.0
10.0,81.9,1.0,2.9,31.397806,24.54132,40.953067,3955020808.0,470.0,840.0,14.420441,128.0,131.0
10.0,81.9,1.0,2.9,31.566702,25.065685,39.765876,3955021007.0,450.0,820.0,13.947537,128.0,131.0
10.0,81.9,1.0,2.9,30.813224,24.350202,39.381845,3955021207.0,450.0,800.0,21.352412,128.0,131.0
10.0,81.9,1.0,2.9,31.663698,25.297231,40.670846,3955021406.0,450.0,820.0,12.87421,128.0,131.0
10.0,81.9,1.0,2.9,32.413748,25.066805,39.898425,3955021605.0,450.0,800.0,11.07101,128.0,132.0
10.0,81.9,1.0,2.9,32.201701,24.779804,39.805149,3955021805.0,450.0,820.0,15.297661,128.0,131.0

10.0,81.9,1.0,2.9,30.3943,22.915883,39.576774,3955036669.0,450.0,800.0,22.074043,128.0,19.0
10.0,81.9,1.0,2.9,30.82683,23.04161,39.962509,3955036868.0,470.0,820.0,12.76968,128.0,131.0
10.0,81.9,1.0,2.9,30.421369,23.14112,39.904764,3955037067.0,450.0,820.0,12.073679,128.0,131.0
10.0,81.9,1.0,2.9,29.7732,22.518966,40.143175,3955037267.0,450.0,800.0,17.112294,128.0,131.0
10.0,81.9,1.0,2.9,30.901063,23.963053,40.037338,3955037466.0,450.0,780.0,6.737941,128.0,132.0
10.0,81.9,1.0,2.9,30.501552,23.151851,39.959688,3955037665.0,450.0,800.0,11.987978,128.0,131.0
10.0,81.9,1.0,2.9,29.775258,22.970916,40.303948,3955037865.0,470.0,820.0,16.357295,128.0,131.0
10.0,81.9,1.0,2.9,30.115347,22.71153,40.343855,3955038064.0,470.0,800.0,13.203209,128.0,132.0
10.0,81.9,1.0,2.9,29.374469,22.378651,41.707495,3955038263.0,450.0,820.0,19.113055,128.0,131.0
10.0,81.9,1.0,2.9,29.47665,22.551975,40.747747,3955038463.0,450.0,800.0,13.611135,128.0,132.0
10.0,81.9,1.0,2.9,28.996714,22.678764,39.86522,3955038662.0,470.0,820.0,16.67742,128.0,131.0
10.0,81.9,1.0,2.9,29.364401,22.005402,40.070873,3955049793.0,450.0,820.0,14.392261,128.0,262.0
10.0,81.9,1.0,2.9,29.029879,21.263236,39.126709,3955049993.0,450.0,820.0,8.924124,128.0,131.0
10.0,81.9,1.0,2.9,28.053211,21.119183,40.274767,3955050192.0,450.0,840.0,19.575051,128.0,131.0
10.0,81.9,1.0,2.9,29.233429,21.971575,41.114018,3955050392.0,450.0,820.0,14.290412,128.0,132.0
10.0,81.9,1.0,2.9,28.76751,21.160063,39.145568,3955050592.0,450.0,820.0,10.537468,128.0,132.0
10.0,81.9,1.0,2.9,28.290543,21.119709,39.614813,3955050792.0,450.0,820.0,15.668709,128.0,131.0
10.0,81.9,1.0,2.9,28.599225,21.731428,40.257025,3955050991.0,450.0,800.0,19.932186,128.0,131.0
10.0,81.9,1.0,2.9,28.72203,20.977288,40.494738,3955051191.0,450.0,820.0,18.291346,128.0,132.0
10.0,81.9,1.0,2.9,28.104344,20.91044,40.209094,3955051391.0,450.0,820.0,14.269525,128.0,132.0
10.0,81.9,1.0,2.9,27.619516,20.116477,39.661824,3955051591.0,450.0,820.0,20.122811,128.0,131.0
10.0,81.9,1.0,2.9,27.647071,20.348287,39.748,3955062721.0,470.0,820.0,19.905652,128.0,261.0
10.0,81.9,1.0,2.9,27.801225,19.993343,40.406741,3955062921.0,450.0,820.0,16.907192,128.0,131.0
10.0,81.9,1.0,2.9,28.707877,20.485749,42.015196,3955063121.0,450.0,820.0,14.133295,128.0,131.0
10.0,81.9,1.0,2.9,27.213894,19.63584,40.087298,3955063321.0,450.0,820.0,13.240118,128.0,132.0
10.0,81.9,1.0,2.9,28.618385,20.304604,40.911625,3955063521.0,470.0,820.0,11.541095,128.0,132.0
10.0,81.9,1.0,2.9,28.857901,20.332907,40.657797,3955063721.0,450.0,820.0,15.388258,128.0,132.0
10.0,81.9,1.0,2.9,27.630274,19.458919,40.584239,3955063921.0,450.0,800.0,19.205709,128.0,132.0
10.0,81.9,1.0,2.9,27.730328,19.313443,40.542109,3955064121.0,450.0,820.0,15.348167,128.0,132.0
10.0,81.9,1.0,2.9,27.577194,19.35255,37.561968,3955064321.0,470.0,820.0,11.604759,128.0,132.0
10.0,81.9,1.0,2.9,27.848907,20.329838,40.434731,3955064521.0,470.0,840.0,17.848421,128.0,131.0
10.0,81.9,1.0,2.9,27.809827,19.205804,40.725486,3955075652.0,470.0,840.0,14.27842,128.0,261.0
10.0,81.9,1.0,2.9,27.705654,19.104503,39.729695,3955075852.0,470.0,820.0,12.573171,128.0,131.0
10.0,81.9,1.0,2.9,27.110483,18.345011,39.270941,3955076052.0,450.0,820.0,13.354383,128.0,131.0
10.0,81.9,1.0,2.9,26.770709,18.243975,40.458157,3955076252.0,450.0,820.0,17.915499,128.0,131.0
10.0,81.9,1.0,2.9,27.204554,18.144923,40.781807,3955076452.0,450.0,820.0,13.493152,128.0,131.0
10.0,81.9,1.0,2.9,27.348943,19.05559,39.946238,3955076652.0,470.0,820.0,7.33611,128.0,131.0
10.0,81.9,1.0,2.9,27.244742,18.693955,39.707376,3955076852.0,470.0,820.0,11.057664,128.0,131.0
10.0,81.9,1.0,2.9,28.124423,18.677325,38.903763,3955077052.0,450.0,820.0,15.511468,128.0,131.0
10.0,81.9,1.0,2.9,27.363759,18.786925,40.501084,3955077252.0,470.0,840.0,16.263631,128.0,131.0
10.0,81.9,1.0,2.9,0.0,0.0,40.0,3955077452.0,0.0,0.0,0.0,128.0,39.0
10.0,81.9,1.0,2.9,0.0,0.0,40.0,3955088582.0,0.0,0.0,0.0,128.0,0.0
10.0,81.9,1.0,2.9,0.0,0.0,40.0,3955088782.0,0.0,0.0,0.0,128.0,0.0
10.0,81.9,1.0,2.9,0.0,0.0,40.0,3955088983.0,0.0,0.0,0.0,128.0,0.0
10.0,81.9,1.0,2.9,0.0,0.0,40.0,3955089183.0,0.0,0.0,0.0,128.0,0.0
10.0,81.9,1.0,2.9,0.0,0.0,40.0,3955089383.0,0.0,0.0,0.0,128.0,0.0
10.0,81.9,1.0,2.9,0.0,0.0,40.0,3955089583.0,0.0,0.0,0.0,128.0,0.0
10.0,81.9,1.0,2.9,0.0,0.0,40.0,3955089783.0,0.0,0.0,0.0,128.0,0.0
10.0,81.9,1.0,2.9,0.0,0.0,40.0,3955089983.0,0.0,0.0,0.0,128.0,0.0
10.0,81.9,1.0,2.9,0.0,0.0,40.0,3955090183.0,0.0,0.0,0.0,128.0,0.0
10.0,81.9,1.0,2.9,0.0,0.0,40.0,3955090383.0,0.0,0.0,0.0,128.0,0.0
10.0,81.9,1.0,2.9,24.402185,12.097262,41.30239,3955187913.0,370.0,660.0,58.089259,128.0,2.0
10.0,81.9,1.0,2.9,25.200778,11.386028,40.804033,3955188113.0,370.0,640.0,14.71613,128.0,131.0
10.0,81.9,1.0,2.9,23.602941,11.085365,38.238012,3955188312.0,370.0,660.0,16.595764,128.0,132.0
10.0,81.9,1.0,2.9,22.75639,10.67671,39.508502,3955188512.0,390.0,680.0,23.003008,128.0,131.0
10.0,81.9,1.0,2.9,22.717643,10.92449,41.034787,3955188711.0,390.0,680.0,11.156158,128.0,132.0
10.0,81.9,1.0,2.9,22.943507,10.823677,39.65511,3955188911.0,390.0,700.0,17.751633,128.0,131.0
10.0,81.9,1.0,2.9,21.775586,10.443883,38.649444,3955189110.0,410.0,720.0,21.059765,128.0,132.0
10.0,81.9,1.0,2.9,23.477809,10.788505,41.167596,3955189309.0,410.0,720.0,16.443483,128.0,131.0
10.0,81.9,1.0,2.9,23.537762,10.849139,40.072078,3955189509.0,430.0,740.0,14.82368,128.0,131.0
10.0,81.9,1.0,2.9,22.357143,10.283703,38.546819,3955189708.0,430.0,740.0,16.217078,128.0,131.0
10.0,81.9,1.0,2.9,22.427935,10.391434,38.486374,3955189908.0,430.0,740.0,10.856246,128.0,131.0
10.0,81.9,1.0,2.9,24.888929,11.722423,40.130927,3955195335.0,470.0,820.0,13.814206,128.0,19.0
10.0,81.9,1.0,2.9,26.365716,12.001966,38.925234,3955195535.0,470.0,840.0,22.754023,128.0,131.0
10.0,81.9,1.0,2.9,26.436468,12.332823,38.432469,3955195734.0,470.0,840.0,13.913154,128.0,132.0
10.0,81.9,1.0,2.9,26.035414,12.402507,39.113863,3955195934.0,470.0,840.0,11.102787,128.0,131.0
10.0,81.9,1.0,2.9,25.79969,12.117682,41.440145,3955196133.0,470.0,840.0,13.407749,128.0,132.0
10.0,81.9,1.0,2.9,25.643444,11.443347,39.684938,3955196332.0,470.0,840.0,19.920642,128.0,131.0
10.0,81.9,1.0,2.9,25.410936,12.017916,40.91477,3955196532.0,470.0,840.0,14.704921,128.0,131.0
10.0,81.9,1.0,2.9,24.872892,11.405227,41.057173,3955196731.0,470.0,840.0,16.937031,128.0,131.0
10.0,81.9,1.0,2.9,26.253697,11.780562,38.708438,3955196930.0,470.0,840.0,19.413445,128.0,131.0
10.0,81.9,1.0,2.9,29.173557,13.589176,40.563938,3955197130.0,470.0,840.0,21.925432,128.0,132.0
10.0,81.9,1.0,2.9,29.110859,13.710638,39.913355,3955197329.0,450.0,820.0,12.253954,128.0,131.0
10.0,81.9,1.0,2.9,-1039.0,155.85,40.1,3955205192.0,470.0,840.0,0.0,128.0,0.0
10.0,81.9,1.0,2.9,-1039.0,155.85,40.1,3955205391.0,470.0,840.0,0.0,128.0,0.0
10.0,81.9,1.0,2.9,-1039.0,155.85,40.1,3955205591.0,470.0,840.0,0.0,128.0,0.0
10.0,81.9,1.0,2.9,-1039.0,155.85,40.1,3955205790.0,470.0,840.0,0.0,128.0,0.0
10.0,81.9,1.0,2.9,-1039.0,155.85,40.1,3955205993.0,470.0,840.0,0.0,128.0,0.0
10.0,81.9,1.0,2.9,-1039.0,155.85,40.1,3955206193.0,470.0,840.0,0.0,128.0,0.0
10.0,81.9,1.0,2.9,-1039.0,155.85,40.1,3955206392.0,470.0,840.0,0.0,128.0,0.0
10.0,81.9,1.0,2.9,-1039.0,155.85,40.1,3955206578.0,470.0,840.0,0.0,128.0,0.0
10.0,81.9,1.0,2.9,-1039.0,155.85,40.1,3955206777.0,470.0,840.0,0.0,128.0,0.0
10.0,81.9,1.0,2.9,14.807058,7.193107,40.349252,3955206977.0,470.0,820.0,16.00195,128.0,36.0
10.0,81.9,1.0,2.9,24.757999,11.923387,39.649979,3955207176.0,450.0,780.0,14.203816,128.0,131.0
10.0,81.9,1.0,2.9,24.430261,10.884095,38.933909,3955207376.0,450.0,780.0,19.700251,128.0,131.0
10.0,81.9,1.0,2.9,23.913304,11.584683,39.142852,3955207575.0,450.0,800.0,9.895543,128.0,131.0
10.0,81.9,1.0,2.9,23.285827,10.529845,40.051489,3955207775.0,450.0,800.0,11.306714,128.0,131.0
10.0,81.9,1.0,2.9,23.039523,10.739949,40.640249,3955207974.0,450.0,800.0,12.488263,128.0,131.0
10.0,81.9,1.0,2.9,22.879064,11.505799,40.164157,3955208174.0,470.0,800.0,21.829074,128.0,131.0
10.0,81.9,1.0,2.9,22.946759,10.576668,40.566869,3955208373.0,450.0,780.0,11.930896,128.0,131.0
10.0,81.9,1.0,2.9,23.252576,10.921447,41.293126,3955208573.0,450.0,780.0,22.293871,128.0,131.0
10.0,81.9,1.0,2.9,21.743795,10.439101,39.048977,3955209497.0,450.0,800.0,16.224268,128.0,21.0
10.0,81.9,1.0,2.9,25.33196,11.734087,39.949272,3955209697.0,470.0,800.0,11.475253,128.0,131.0
10.0,81.9,1.0,2.9,21.698695,9.957593,39.930574,3955210556.0,470.0,820.0,16.063985,128.0,23.0
10.0,81.9,1.0,2.9,22.518413,10.314497,39.437754,3955210756.0,450.0,820.0,18.699239,128.0,131.0
10.0,81.9,1.0,2.9,23.51483,10.689859,40.126801,3955210955.0,470.0,820.0,17.092771,128.0,132.0
10.0,81.9,1.0,2.9,23.670207,11.104169,40.016042,3955211155.0,470.0,820.0,12.267391,128.0,131.0
10.0,81.9,1.0,2.9,23.82938,11.399079,40.79929,3955211354.0,450.0,800.0,16.431193,128.0,131.0
10.0,81.9,1.0,2.9,22.604547,9.96391,39.456123,3955211553.0,450.0,800.0,18.810965,128.0,131.0
10.0,81.9,1.0,2.9,24.679111,11.297693,40.818973,3955211753.0,450.0,820.0,18.228337,128.0,131.0
10.0,81.9,1.0,2.9,24.121225,11.001598,41.507204,3955211953.0,470.0,820.0,15.348775,128.0,132.0
10.0,81.9,1.0,2.9,24.055052,11.275846,39.29285,3955212152.0,470.0,820.0,14.879768,128.0,131.0
10.0,81.9,1.0,2.9,23.971209,10.867545,40.991482,3955212352.0,450.0,800.0,25.500767,128.0,132.0
10.0,81.9,1.0,2.9,23.374448,10.679122,39.215964,3955212833.0,470.0,820.0,18.289762,128.0,19.0
10.0,81.9,1.0,2.9,23.027994,10.631177,40.685762,3955213033.0,450.0,800.0,10.46886,128.0,132.0
10.0,81.9,1.0,2.9,22.655655,10.656416,39.506917,3955213233.0,470.0,820.0,17.019591,128.0,132.0
10.0,81.9,1.0,2.9,23.054042,10.953585,40.895537,3955213432.0,470.0,820.0,13.276362,128.0,131.0
10.0,81.9,1.0,2.9,23.728793,10.67369,37.817597,3955213632.0,470.0,820.0,19.004944,128.0,132.0
10.0,81.9,1.0,2.9,22.649167,10.20655,39.817077,3955213832.0,450.0,800.0,14.42035,128.0,132.0
10.0,81.9,1.0,2.9,24.110728,10.924559,40.025115,3955214031.0,470.0,820.0,12.833423,128.0,131.0
10.0,81.9,1.0,2.9,23.433724,10.514151,39.334781,3955214231.0,470.0,820.0,14.333521,128.0,131.0
10.0,81.9,1.0,2.9,23.052193,10.433202,39.908689,3955214431.0,450.0,820.0,17.074373,128.0,132.0
10.0,81.9,1.0,2.9,22.479199,9.193002,38.80131,3955214631.0,470.0,820.0,17.60414,128.0,132.0
10.0,81.9,1.0,2.9,23.047826,10.365332,41.194738,3955214830.0,470.0,820.0,20.509914,128.0,131.0
10.0,81.9,1.0,2.9,22.476629,10.293115,41.881463,3955218761.0,470.0,820.0,23.864342,128.0,262.0
10.0,81.9,1.0,2.9,22.574257,10.275938,40.602471,3955218961.0,470.0,840.0,13.211277,128.0,132.0
10.0,81.9,1.0,2.9,22.103925,9.345883,40.320653,3955219160.0,450.0,820.0,19.807924,128.0,131.0
10.0,81.9,1.0,2.9,22.453098,10.456693,40.125558,3955219360.0,470.0,840.0,13.934868,128.0,131.0
10.0,81.9,1.0,2.9,21.810441,10.083097,41.380759,3955219560.0,470.0,820.0,16.136245,128.0,131.0
10.0,81.9,1.0,2.9,23.044735,10.946267,39.2161,3955219760.0,470.0,840.0,9.157822,128.0,132.0
10.0,81.9,1.0,2.9,23.689889,10.779064,41.004264,3955219959.0,470.0,840.0,13.204975,128.0,131.0
10.0,81.9,1.0,2.9,23.518794,10.739394,38.69438,3955220158.0,470.0,820.0,16.673898,128.0,132.0
10.0,81.9,1.0,2.9,22.871648,10.458788,39.929023,3955220358.0,450.0,840.0,14.343025,128.0,131.0
10.0,81.9,1.0,2.9,24.120644,10.882922,39.56943,3955220886.0,470.0,840.0,24.792186,128.0,7.0
10.0,81.9,1.0,2.9,23.697629,11.349082,39.894615,3955221085.0,470.0,820.0,9.81875,128.0,132.0
10.0,81.9,1.0,2.9,24.276159,11.272068,39.87567,3955221285.0,470.0,820.0,16.399386,128.0,131.0
10.0,81.9,1.0,2.9,24.556713,12.147853,39.271317,3955221484.0,470.0,820.0,9.340531,128.0,131.0
10.0,81.9,1.0,2.9,23.698658,11.475652,40.106517,3955221684.0,450.0,820.0,11.889445,128.0,132.0
10.0,81.9,1.0,2.9,23.517325,11.094999,40.603327,3955221883.0,470.0,820.0,12.798662,128.0,131.0
10.0,81.9,1.0,2.9,24.001073,11.901467,39.252379,3955222083.0,470.0,820.0,10.817353,128.0,132.0
10.0,81.9,1.0,2.9,23.145075,11.219389,40.980476,3955222282.0,470.0,820.0,11.507661,128.0,131.0
10.0,81.9,1.0,2.9,24.278011,11.867047,39.541586,3955222482.0,450.0,820.0,15.250487,128.0,132.0
10.0,81.9,1.0,2.9,25.252243,12.207632,38.71244,3955222681.0,470.0,820.0,12.751295,128.0,131.0
10.0,81.9,1.0,2.9,24.528685,11.894157,40.627617,3955222880.0,450.0,800.0,20.472422,128.0,132.0
10.0,81.9,1.0,2.9,25.816048,17.773265,38.631647,3955234011.0,450.0,840.0,15.887102,128.0,262.0
10.0,81.9,1.0,2.9,26.693666,17.553734,40.716434,3955234211.0,470.0,820.0,13.63132,128.0,132.0
10.0,81.9,1.0,2.9,27.657509,18.780119,38.681377,3955234410.0,450.0,820.0,16.805985,128.0,132.0
10.0,81.9,1.0,2.9,26.868978,18.033815,41.005705,3955234610.0,450.0,820.0,14.323803,128.0,131.0
10.0,81.9,1.0,2.9,25.882556,17.488878,38.769926,3955234810.0,450.0,820.0,18.695748,128.0,131.0
10.0,81.9,1.0,2.9,26.49616,18.273304,39.289328,3955235010.0,470.0,840.0,11.505775,128.0,131.0
10.0,81.9,1.0,2.9,26.375244,17.495582,41.697064,3955235210.0,470.0,840.0,14.33039,128.0,132.0
10.0,81.9,1.0,2.9,26.616545,18.012704,40.344704,3955235410.0,450.0,820.0,13.292234,128.0,132.0
10.0,81.9,1.0,2.9,26.356988,18.723368,39.654788,3955235609.0,470.0,840.0,16.457113,128.0,131.0
10.0,81.9,1.0,2.9,27.361876,18.642651,41.002464,3955235810.0,470.0,820.0,17.85578,128.0,132.0
10.0,81.9,1.0,2.9,27.584216,22.31389,41.806465,3955246940.0,470.0,840.0,12.574029,128.0,262.0
10.0,81.9,1.0,2.9,27.36144,22.351582,39.292393,3955247140.0,470.0,840.0,20.150941,128.0,132.0
10.0,81.9,1.0,2.9,27.619017,22.254823,40.80173,3955247340.0,450.0,800.0,13.083188,128.0,132.0
10.0,81.9,1.0,2.9,27.459395,22.044726,40.837236,3955247540.0,470.0,840.0,9.425224,128.0,131.0
10.0,81.9,1.0,2.9,27.134846,21.844809,39.794064,3955247740.0,450.0,820.0,15.689422,128.0,131.0
10.0,81.9,1.0,2.9,27.280509,22.445213,38.965821,3955247939.0,450.0,820.0,13.437873,128.0,132.0
10.0,81.9,1.0,2.9,27.653429,22.264705,40.112795,3955248139.0,470.0,820.0,12.161306,128.0,131.0
10.0,81.9,1.0,2.9,27.306419,22.451824,38.077529,3955248339.0,470.0,820.0,19.458857,128.0,131.0
10.0,81.9,1.0,2.9,27.508546,22.581801,41.112727,3955248539.0,470.0,820.0,17.991262,128.0,131.0
10.0,81.9,1.0,2.9,27.97882,22.76323,39.511099,3955248739.0,470.0,820.0,15.175298,128.0,131.0
10.0,81.9,1.0,2.9,26.872613,24.43012,40.160172,3955259869.0,470.0,840.0,11.614838,128.0,262.0
10.0,81.9,1.0,2.9,27.418995,24.211705,39.368004,3955260069.0,470.0,820.0,19.441279,128.0,132.0
10.0,81.9,1.0,2.9,26.9216,24.354867,41.685862,3955260268.0,450.0,800.0,11.76949,128.0,131.0
10.0,81.9,1.0,2.9,27.408579,24.272283,40.435752,3955260468.0,450.0,820.0,12.856543,128.0,132.0
10.0,81.9,1.0,2.9,27.075099,24.176304,39.586606,3955260668.0,450.0,820.0,19.583082,128.0,132.0
10.0,81.9,1.0,2.9,26.849814,23.524006,40.164323,3955260868.0,470.0,840.0,13.988639,128.0,131.0
10.0,81.9,1.0,2.9,27.285491,24.747208,40.964085,3955261067.0,470.0,840.0,10.58539,128.0,131.0
10.0,81.9,1.0,2.9,27.409661,25.173521,40.757064,3955261267.0,470.0,820.0,14.54475,128.0,132.0
10.0,81.9,1.0,2.9,27.498326,24.947952,40.338915,3955261467.0,470.0,820.0,17.228584,128.0,132.0
10.0,81.9,1.0,2.9,27.21537,23.84793,39.049024,3955261667.0,470.0,820.0,16.633595,128.0,131.0
10.0,81.9,1.0,2.9,26.65031,24.46799,39.554079,3955272797.0,470.0,820.0,18.305798,128.0,262.0
10.0,81.9,1.0,2.9,27.205125,25.140526,39.819043,3955272997.0,450.0,800.0,14.150722,128.0,132.0
10.0,81.9,1.0,2.9,26.770386,24.536884,37.800728,3955273197.0,470.0,840.0,20.546532,128.0,132.0
10.0,81.9,1.0,2.9,26.912698,24.952045,38.644236,3955273396.0,470.0,840.0,17.380682,128.0,131.0
10.0,81.9,1.0,2.9,26.364727,24.746951,41.005073,3955273596.0,470.0,820.0,16.988722,128.0,131.0
10.0,81.9,1.0,2.9,25.88782,24.182172,40.657523,3955273796.0,450.0,820.0,16.361815,128.0,131.0
10.0,81.9,1.0,2.9,27.319899,25.049392,39.550868,3955274002.0,470.0,820.0,16.997161,128.0,131.0
10.0,81.9,1.0,2.9,26.652994,24.525728,38.752242,3955274202.0,470.0,820.0,17.945687,128.0,130.0
10.0,81.9,1.0,2.9,26.615182,24.671806,39.579224,3955274401.0,450.0,820.0,16.848285,128.0,131.0
10.0,81.9,1.0,2.9,27.513919,25.310915,40.461133,3955274600.0,470.0,840.0,16.998635,128.0,132.0
10.0,81.9,1.0,2.9,24.218522,22.664537,39.673527,3955285730.0,470.0,840.0,19.097197,128.0,262.0
10.0,81.9,1.0,2.9,24.120105,22.578933,39.747332,3955285930.0,470.0,840.0,11.160285,128.0,131.0
10.0,81.9,1.0,2.9,23.712623,22.733562,40.489368,3955286129.0,470.0,820.0,19.899655,128.0,132.0
10.0,81.9,1.0,2.9,25.099794,23.6896,40.436883,3955286329.0,470.0,820.0,19.846921,128.0,131.0
10.0,81.9,1.0,2.9,24.973769,23.903886,40.45672,3955286528.0,470.0,860.0,14.152073,128.0,131.0
10.0,81.9,1.0,2.9,24.354571,23.024091,40.712648,3955286727.0,450.0,840.0,15.468706,128.0,132.0
10.0,81.9,1.0,2.9,24.43033,23.221599,40.311612,3955286927.0,470.0,840.0,16.831583,128.0,131.0
10.0,81.9,1.0,2.9,24.698718,23.220675,42.51326,3955287126.0,470.0,840.0,19.892098,128.0,131.0
10.0,81.9,1.0,2.9,25.773026,24.453176,41.002855,3955287325.0,470.0,840.0,17.104795,128.0,131.0
10.0,81.9,1.0,2.9,25.432877,24.246456,40.599641,3955287525.0,470.0,840.0,14.915847,128.0,131.0
10.0,81.9,1.0,2.9,22.486493,21.609338,41.1148,3955298655.0,470.0,820.0,18.041383,128.0,262.0
10.0,81.9,1.0,2.9,22.518529,21.153431,39.404922,3955298855.0,450.0,820.0,17.148916,128.0,132.0
10.0,81.9,1.0,2.9,22.087675,20.760035,39.638757,3955299055.0,470.0,840.0,13.596135,128.0,132.0
10.0,81.9,1.0,2.9,22.181861,21.396991,41.075526,3955299255.0,470.0,840.0,15.768286,128.0,131.0
10.0,81.9,1.0,2.9,21.97425,21.055415,40.288546,3955299455.0,470.0,820.0,17.746908,128.0,131.0
10.0,81.9,1.0,2.9,22.820315,21.471819,39.468972,3955299654.0,470.0,820.0,16.472305,128.0,131.0
10.0,81.9,1.0,2.9,22.681862,21.853046,40.05567,3955299853.0,450.0,820.0,10.815284,128.0,131.0
10.0,81.9,1.0,2.9,22.667041,21.368164,41.347658,3955300053.0,470.0,840.0,12.791813,128.0,132.0
10.0,81.9,1.0,2.9,23.349888,22.226003,38.856948,3955300252.0,470.0,860.0,19.144553,128.0,131.0
10.0,81.9,1.0,2.9,19.238294,18.159185,38.150546,3955301232.0,470.0,820.0,18.772647,128.0,20.0
10.0,81.9,1.0,2.9,23.847831,22.726357,40.177382,3955301526.0,470.0,840.0,15.6279,128.0,19.0
10.0,81.9,1.0,2.9,24.267934,22.601535,40.458282,3955301725.0,470.0,820.0,14.607854,128.0,132.0
10.0,81.9,1.0,2.9,23.836337,22.636716,39.229979,3955301924.0,470.0,840.0,6.632351,128.0,131.0
10.0,81.9,1.0,2.9,23.87142,22.552179,40.651208,3955302124.0,450.0,820.0,13.220052,128.0,132.0
10.0,81.9,1.0,2.9,24.029944,22.710765,39.927298,3955302323.0,470.0,840.0,10.189346,128.0,131.0
10.0,81.9,1.0,2.9,24.303571,23.034898,41.869383,3955302523.0,470.0,840.0,20.614398,128.0,131.0
10.0,81.9,1.0,2.9,24.289324,22.505791,41.757177,3955302722.0,470.0,840.0,15.369968,128.0,132.0
10.0,81.9,1.0,2.9,24.438023,22.969862,39.855667,3955302921.0,470.0,840.0,14.009046,128.0,131.0
10.0,81.9,1.0,2.9,24.349778,22.416835,39.440334,3955303120.0,470.0,840.0,13.061797,128.0,130.0
10.0,81.9,1.0,2.9,23.849942,22.518575,40.27167,3955303320.0,470.0,820.0,16.047968,128.0,131.0
10.0,81.9,1.0,2.9,23.90085,22.505789,39.9209,3955303519.0,470.0,820.0,10.443071,128.0,132.0
10.0,81.9,1.0,2.9,22.153348,20.529734,40.557581,3955314649.0,470.0,840.0,18.14877,128.0,261.0
10.0,81.9,1.0,2.9,21.535741,20.767356,38.930504,3955314849.0,470.0,840.0,17.269801,128.0,131.0
10.0,81.9,1.0,2.9,22.355579,20.962859,39.67146,3955315048.0,470.0,840.0,16.886996,128.0,131.0
10.0,81.9,1.0,2.9,22.40679,21.426664,39.000418,3955315248.0,470.0,840.0,14.321975,128.0,132.0
10.0,81.9,1.0,2.9,22.028116,21.068025,37.140157,3955315447.0,470.0,840.0,19.451106,128.0,131.0
10.0,81.9,1.0,2.9,22.651081,22.371311,40.631902,3955315647.0,450.0,820.0,11.109935,128.0,132.0
10.0,81.9,1.0,2.9,22.78817,21.886085,39.460348,3955315847.0,470.0,840.0,15.456637,128.0,132.0
10.0,81.9,1.0,2.9,22.395181,21.558893,38.560927,3955316047.0,470.0,840.0,17.444906,128.0,132.0
10.0,81.9,1.0,2.9,23.4776,22.150356,39.839034,3955316246.0,470.0,840.0,11.587791,128.0,131.0
10.0,81.9,1.0,2.9,23.313835,22.283901,38.421368,3955316446.0,470.0,820.0,10.384517,128.0,132.0
10.0,81.9,1.0,2.9,23.515122,22.463977,38.298726,3955327577.0,470.0,840.0,14.539409,128.0,262.0
10.0,81.9,1.0,2.9,24.162393,22.610316,41.369494,3955327776.0,450.0,820.0,18.071039,128.0,131.0
10.0,81.9,1.0,2.9,23.712143,22.216165,39.724201,3955327976.0,450.0,840.0,18.857951,128.0,131.0
10.0,81.9,1.0,2.9,23.525162,23.131004,39.109476,3955328175.0,470.0,840.0,10.557955,128.0,132.0
10.0,81.9,1.0,2.9,22.804901,22.050187,37.943844,3955328375.0,470.0,820.0,15.525314,128.0,131.0
10.0,81.9,1.0,2.9,24.082842,23.034306,40.089514,3955328575.0,470.0,840.0,15.542675,128.0,132.0
10.0,81.9,1.0,2.9,23.285498,22.808197,42.22977,3955328774.0,450.0,820.0,11.41221,128.0,131.0
10.0,81.9,1.0,2.9,23.969488,23.005875,41.226501,3955328974.0,470.0,840.0,19.339783,128.0,131.0
10.0,81.9,1.0,2.9,24.415804,23.347214,40.198887,3955329174.0,470.0,840.0,10.359073,128.0,132.0
10.0,81.9,1.0,2.9,23.99249,23.384268,40.841238,3955329373.0,450.0,820.0,15.198052,128.0,131.0
10.0,81.9,1.0,2.9,22.862136,21.850145,38.164798,3955340504.0,470.0,840.0,16.610426,128.0,262.0
10.0,81.9,1.0,2.9,23.435076,22.267279,39.144977,3955340703.0,470.0,820.0,10.29815,128.0,132.0
10.0,81.9,1.0,2.9,23.308871,22.612609,39.563056,3955340903.0,470.0,840.0,13.136721,128.0,131.0
10.0,81.9,1.0,2.9,23.12372,21.450628,41.167771,3955341103.0,470.0,840.0,18.095865,128.0,131.0
10.0,81.9,1.0,2.9,23.201819,22.610465,42.508122,3955341302.0,450.0,820.0,21.382941,128.0,132.0
10.0,81.9,1.0,2.9,22.921099,22.658576,40.066386,3955341502.0,450.0,820.0,12.901896,128.0,132.0
10.0,81.9,1.0,2.9,23.249847,22.673414,40.48579,3955341702.0,470.0,820.0,12.384933,128.0,131.0
10.0,81.9,1.0,2.9,22.874258,22.339381,40.745798,3955341902.0,450.0,820.0,14.914988,128.0,131.0
10.0,81.9,1.0,2.9,23.920844,23.456951,39.052481,3955342101.0,450.0,820.0,9.375234,128.0,132.0
10.0,81.9,1.0,2.9,24.349028,23.579257,41.30373,3955342301.0,450.0,820.0,13.331226,128.0,131.0
10.0,81.9,1.0,2.9,22.948886,22.019346,40.592029,3955353432.0,450.0,820.0,20.887111,128.0,261.0
10.0,81.9,1.0,2.9,23.111181,21.852977,39.744751,3955353631.0,470.0,820.0,16.599953,128.0,131.0
10.0,81.9,1.0,2.9,23.653918,22.720136,41.599305,3955353831.0,470.0,840.0,16.386431,128.0,132.0
10.0,81.9,1.0,2.9,24.045533,23.631256,40.890876,3955354031.0,470.0,840.0,10.204341,128.0,131.0
10.0,81.9,1.0,2.9,23.708826,22.895584,39.418543,3955354230.0,470.0,840.0,21.015214,128.0,131.0
10.0,81.9,1.0,2.9,23.903627,22.463925,39.751275,3955354430.0,470.0,820.0,16.16487,128.0,132.0
10.0,81.9,1.0,2.9,24.920687,23.733103,40.089584,3955354630.0,450.0,820.0,12.538108,128.0,132.0
10.0,81.9,1.0,2.9,24.389731,23.358521,41.002762,3955354830.0,470.0,840.0,13.597296,128.0,132.0
10.0,81.9,1.0,2.9,24.45448,23.289389,39.839565,3955355029.0,470.0,840.0,20.669369,128.0,131.0
10.0,81.9,1.0,2.9,25.058236,23.972549,39.477016,3955355229.0,470.0,840.0,16.023176,128.0,132.0
10.0,81.9,1.0,2.9,21.821498,20.927102,40.152504,3955366359.0,450.0,820.0,15.869445,128.0,261.0
10.0,81.9,1.0,2.9,22.167787,21.295766,39.678396,3955366559.0,470.0,840.0,27.353414,128.0,132.0
10.0,81.9,1.0,2.9,20.723412,19.874256,41.196868,3955366758.0,470.0,840.0,19.933984,128.0,131.0
10.0,81.9,1.0,2.9,21.683508,20.887005,39.41931,3955367202.0,470.0,840.0,18.026018,128.0,19.0
10.0,81.9,1.0,2.9,21.675688,21.247582,39.942605,3955367402.0,450.0,820.0,15.368721,128.0,132.0
10.0,81.9,1.0,2.9,22.351691,21.534196,39.219888,3955367601.0,450.0,820.0,16.266601,128.0,131.0
10.0,81.9,1.0,2.9,22.02575,21.517225,39.541585,3955367801.0,470.0,840.0,12.747633,128.0,132.0
10.0,81.9,1.0,2.9,22.481626,21.793695,39.0132,3955368000.0,470.0,840.0,15.42651,128.0,131.0
10.0,81.9,1.0,2.9,22.434554,21.673959,39.786707,3955368200.0,470.0,840.0,17.132945,128.0,132.0
10.0,81.9,1.0,2.9,22.845104,21.818081,37.584361,3955368399.0,470.0,840.0,10.683858,128.0,131.0
10.0,81.9,1.0,2.9,22.336229,21.606812,40.626866,3955368599.0,450.0,800.0,19.54608,128.0,132.0
10.0,81.9,1.0,2.9,22.63488,22.065227,39.576699,3955368798.0,470.0,840.0,12.173198,128.0,131.0
10.0,81.9,1.0,2.9,23.214332,22.32344,39.456181,3955368998.0,450.0,840.0,16.915795,128.0,132.0
10.0,81.9,1.0,2.9,20.077762,19.50805,40.805266,3955371807.0,450.0,820.0,12.697521,128.0,19.0
10.0,81.9,1.0,2.9,22.063948,21.505302,39.089561,3955372007.0,470.0,840.0,16.769693,128.0,131.0
10.0,81.9,1.0,2.9,22.554603,21.870402,40.236826,3955372207.0,450.0,800.0,18.539516,128.0,132.0
10.0,81.9,1.0,2.9,22.006254,21.29049,38.504448,3955372406.0,450.0,820.0,13.036992,128.0,131.0
10.0,81.9,1.0,2.9,22.51505,21.515131,40.783545,3955372606.0,470.0,840.0,12.153117,128.0,131.0
10.0,81.9,1.0,2.9,22.071531,21.304931,39.323413,3955372806.0,450.0,820.0,12.23405,128.0,132.0
10.0,81.9,1.0,2.9,22.638788,22.077009,41.311351,3955373006.0,470.0,840.0,17.871444,128.0,131.0
10.0,81.9,1.0,2.9,22.506581,21.217237,40.533071,3955373205.0,450.0,820.0,15.772811,128.0,131.0
10.0,81.9,1.0,2.9,22.55799,21.908387,40.839275,3955373405.0,450.0,800.0,17.500069,128.0,132.0
10.0,81.9,1.0,2.9,22.624875,21.807445,39.648088,3955373605.0,470.0,840.0,18.432354,128.0,132.0
10.0,81.9,1.0,2.9,18.386904,17.825239,40.489197,3955384735.0,470.0,820.0,15.681156,128.0,262.0
10.0,81.9,1.0,2.9,18.811589,17.847068,41.003123,3955384935.0,470.0,820.0,22.185223,128.0,131.0
10.0,81.9,1.0,2.9,18.00018,17.635356,39.697651,3955385135.0,450.0,820.0,21.594814,128.0,131.0
10.0,81.9,1.0,2.9,18.434848,17.913132,39.451358,3955385334.0,450.0,820.0,19.955729,128.0,131.0
10.0,81.9,1.0,2.9,19.615133,18.909898,41.18433,3955385534.0,470.0,820.0,18.382515,128.0,132.0
10.0,81.9,1.0,2.9,18.888092,18.549922,39.98014,3955385733.0,470.0,860.0,19.336155,128.0,131.0
10.0,81.9,1.0,2.9,20.194241,19.313273,39.725964,3955385933.0,470.0,840.0,13.807854,128.0,131.0
10.0,81.9,1.0,2.9,19.51633,18.618862,40.440454,3955386132.0,470.0,840.0,16.841213,128.0,131.0
10.0,81.9,1.0,2.9,19.75689,18.997701,39.225031,3955387585.0,450.0,820.0,18.599949,128.0,19.0
10.0,81.9,1.0,2.9,21.369722,20.68199,40.399189,3955387785.0,450.0,800.0,21.652865,128.0,131.0
10.0,81.9,1.0,2.9,21.176875,20.441851,39.221769,3955387985.0,470.0,840.0,10.234924,128.0,131.0
10.0,81.9,1.0,2.9,21.648357,20.816516,41.196353,3955388184.0,470.0,820.0,18.07127,128.0,132.0
10.0,81.9,1.0,2.9,21.832357,21.612734,38.963447,3955388384.0,470.0,840.0,12.112453,128.0,131.0
10.0,81.9,1.0,2.9,21.420535,20.784362,40.813859,3955388584.0,450.0,820.0,15.187853,128.0,131.0
10.0,81.9,1.0,2.9,21.983405,21.406572,41.543887,3955388784.0,470.0,840.0,18.689027,128.0,131.0
10.0,81.9,1.0,2.9,21.937245,21.385389,40.291297,3955388983.0,470.0,840.0,12.906764,128.0,132.0
10.0,81.9,1.0,2.9,21.544127,20.654067,39.579978,3955389183.0,470.0,840.0,19.557263,128.0,131.0
10.0,81.9,1.0,2.9,68.43731,67.161339,40.625516,3955389895.0,470.0,840.0,23.798876,128.0,6.0
10.0,81.9,1.0,2.9,79.877985,78.184185,41.114369,3955390094.0,470.0,840.0,26.925252,128.0,132.0
10.0,81.9,1.0,2.9,80.743448,78.945421,41.586527,3955390294.0,470.0,840.0,15.30471,128.0,131.0
10.0,81.9,1.0,2.9,81.327453,78.644397,39.0469,3955390493.0,450.0,820.0,23.305263,128.0,131.0
10.0,81.9,1.0,2.9,80.247456,77.987953,40.602619,3955390693.0,470.0,840.0,21.997559,128.0,131.0
10.0,81.9,1.0,2.9,78.398919,76.326506,39.461505,3955390892.0,470.0,840.0,19.204273,128.0,131.0
10.0,81.9,1.0,2.9,78.673783,76.973901,40.473775,3955391092.0,470.0,840.0,20.506548,128.0,132.0
10.0,81.9,1.0,2.9,77.415572,75.489105,41.001588,3955391291.0,450.0,820.0,21.538028,128.0,131.0
10.0,81.9,1.0,2.9,77.954344,76.031041,40.11912,3955391490.0,470.0,820.0,22.090347,128.0,132.0
10.0,81.9,1.0,2.9,78.284672,76.138596,40.154439,3955391690.0,470.0,820.0,20.076343,128.0,131.0
10.0,81.9,1.0,2.9,64.495287,62.850355,39.446879,3955402820.0,470.0,760.0,20.258831,128.0,262.0
10.0,81.9,1.0,2.9,64.712692,63.3514,39.237292,3955403020.0,470.0,740.0,10.259847,128.0,132.0
10.0,81.9,1.0,2.9,65.173485,63.092968,38.732317,3955403219.0,490.0,760.0,19.671623,128.0,131.0
10.0,81.9,1.0,2.9,65.017337,63.629944,40.13615,3955403419.0,470.0,740.0,16.379534,128.0,131.0
10.0,81.9,1.0,2.9,65.601416,64.204259,41.041958,3955403618.0,470.0,760.0,20.705328,128.0,131.0
10.0,81.9,1.0,2.9,64.162952,63.001025,40.237557,3955403818.0,470.0,760.0,13.984101,128.0,131.0
10.0,81.9,1.0,2.9,66.500966,65.428541,39.330244,3955404018.0,470.0,780.0,12.890167,128.0,131.0
10.0,81.9,1.0,2.9,65.226574,64.409403,41.514864,3955404217.0,470.0,760.0,18.343829,128.0,132.0
10.0,81.9,1.0,2.9,65.307513,63.750662,40.336823,3955404416.0,490.0,780.0,22.349586,128.0,131.0
10.0,81.9,1.0,2.9,66.920813,64.978421,39.726984,3955404616.0,470.0,760.0,24.34894,128.0,131.0
10.0,81.9,1.0,2.9,64.507272,62.9892,40.8783,3955415746.0,470.0,760.0,17.054503,128.0,261.0
10.0,81.9,1.0,2.9,63.948299,62.210351,40.81112,3955415946.0,470.0,760.0,16.352044,128.0,131.0
10.0,81.9,1.0,2.9,63.146485,61.989078,40.510052,3955416146.0,470.0,780.0,21.199726,128.0,132.0
10.0,81.9,1.0,2.9,64.031549,62.435463,39.680507,3955416346.0,470.0,760.0,22.848627,128.0,132.0
10.0,81.9,1.0,2.9,64.027291,63.046884,40.634871,3955416546.0,450.0,740.0,18.192736,128.0,132.0
10.0,81.9,1.0,2.9,64.071296,62.900186,41.787752,3955416746.0,470.0,760.0,17.351678,128.0,131.0
10.0,81.9,1.0,2.9,64.671986,62.932207,40.04036,3955416945.0,470.0,760.0,17.029284,128.0,131.0
10.0,81.9,1.0,2.9,64.951285,63.307286,39.411943,3955417145.0,470.0,760.0,22.208759,128.0,132.0
10.0,81.9,1.0,2.9,64.86865,63.861156,41.272849,3955417345.0,470.0,780.0,17.575723,128.0,132.0
10.0,81.9,1.0,2.9,65.377515,64.341874,40.983028,3955417545.0,470.0,760.0,14.442394,128.0,132.0
10.0,81.9,1.0,2.9,63.992418,62.916881,40.055651,3955428676.0,470.0,780.0,21.785743,128.0,261.0
10.0,81.9,1.0,2.9,63.792011,62.020569,39.728681,3955428875.0,470.0,780.0,15.038157,128.0,131.0
10.0,81.9,1.0,2.9,63.990642,62.55282,38.761558,3955429075.0,470.0,780.0,20.53882,128.0,131.0
10.0,81.9,1.0,2.9,63.26198,62.481029,39.349448,3955429275.0,470.0,780.0,13.768597,128.0,132.0
10.0,81.9,1.0,2.9,63.64123,62.545111,40.243366,3955429475.0,470.0,780.0,24.385046,128.0,132.0
10.0,81.9,1.0,2.9,62.667211,62.20361,39.671129,3955429674.0,470.0,760.0,14.665979,128.0,131.0
10.0,81.9,1.0,2.9,63.530351,62.225109,40.478912,3955429875.0,470.0,760.0,19.083172,128.0,132.0
10.0,81.9,1.0,2.9,64.329265,63.03258,40.447406,3955430075.0,470.0,760.0,22.339715,128.0,130.0
10.0,81.9,1.0,2.9,63.589227,62.168541,40.755042,3955430275.0,470.0,780.0,15.465648,128.0,132.0
10.0,81.9,1.0,2.9,65.124713,63.817337,40.426552,3955430474.0,450.0,740.0,20.143096,128.0,131.0
10.0,81.9,1.0,2.9,67.191482,65.936777,40.023417,3955441605.0,470.0,780.0,13.740299,128.0,262.0
10.0,81.9,1.0,2.9,66.227499,65.196104,40.153074,3955441805.0,470.0,780.0,15.564143,128.0,131.0
10.0,81.9,1.0,2.9,65.366137,63.938229,40.671874,3955442004.0,470.0,780.0,14.759375,128.0,132.0
10.0,81.9,1.0,2.9,66.612757,65.260325,39.33518,3955442204.0,470.0,800.0,14.703387,128.0,131.0
10.0,81.9,1.0,2.9,65.658138,64.066525,41.678847,3955442404.0,470.0,780.0,15.830103,128.0,131.0
10.0,81.9,1.0,2.9,65.346037,64.284836,40.96151,3955442604.0,470.0,780.0,18.079057,128.0,131.0
10.0,81.9,1.0,2.9,64.858776,63.458591,40.282183,3955442804.0,470.0,780.0,18.750445,128.0,132.0
10.0,81.9,1.0,2.9,65.667203,64.571757,41.590577,3955443004.0,470.0,780.0,17.705016,128.0,132.0
10.0,81.9,1.0,2.9,65.935089,64.663378,40.114055,3955443203.0,470.0,780.0,22.068487,128.0,131.0
10.0,81.9,1.0,2.9,65.491975,64.427488,39.991929,3955443403.0,490.0,800.0,19.405442,128.0,131.0
10.0,81.9,1.0,2.9,61.782301,60.718177,40.001191,3955454534.0,490.0,780.0,13.247015,128.0,262.0
10.0,81.9,1.0,2.9,61.223257,59.92123,39.436602,3955454733.0,490.0,780.0,19.979076,128.0,132.0
10.0,81.9,1.0,2.9,61.077929,59.609773,40.095753,3955454933.0,490.0,800.0,21.488634,128.0,132.0
10.0,81.9,1.0,2.9,60.448586,58.872841,38.436622,3955455133.0,470.0,780.0,11.006477,128.0,132.0
10.0,81.9,1.0,2.9,60.720788,59.762387,39.496698,3955455333.0,470.0,780.0,16.780105,128.0,131.0
10.0,81.9,1.0,2.9,60.750866,59.447502,41.148068,3955455533.0,490.0,780.0,24.461005,128.0,131.0
10.0,81.9,1.0,2.9,60.87666,59.995787,41.165913,3955455733.0,470.0,780.0,15.505073,128.0,131.0
10.0,81.9,1.0,2.9,60.607943,59.361972,38.825634,3955455932.0,470.0,780.0,24.54865,128.0,132.0
10.0,81.9,1.0,2.9,60.414998,59.215368,39.968934,3955456132.0,470.0,780.0,12.933282,128.0,132.0
10.0,81.9,1.0,2.9,60.198098,59.366737,41.272344,3955456332.0,470.0,780.0,20.714671,128.0,131.0
10.0,81.9,1.0,2.9,58.066414,56.866567,40.148789,3955467462.0,470.0,760.0,14.302846,128.0,262.0
10.0,81.9,1.0,2.9,57.403045,56.408663,38.16589,3955467662.0,470.0,780.0,17.210801,128.0,132.0
10.0,81.9,1.0,2.9,58.145094,57.044287,38.69809,3955467862.0,470.0,760.0,20.38816,128.0,132.0
10.0,81.9,1.0,2.9,56.898556,55.6035,39.374912,3955468062.0,490.0,780.0,18.607835,128.0,131.0
10.0,81.9,1.0,2.9,58.497933,56.845223,38.81422,3955468262.0,470.0,780.0,18.182066,128.0,131.0
10.0,81.9,1.0,2.9,58.027092,56.725409,40.364366,3955468461.0,470.0,780.0,21.231596,128.0,132.0
10.0,81.9,1.0,2.9,58.7325,58.007749,40.377142,3955468661.0,470.0,780.0,22.055578,128.0,132.0
10.0,81.9,1.0,2.9,58.033181,56.795987,39.98583,3955468861.0,470.0,780.0,17.947066,128.0,131.0
10.0,81.9,1.0,2.9,58.769468,57.695451,40.673907,3955469060.0,470.0,760.0,19.252225,128.0,131.0
10.0,81.9,1.0,2.9,58.999677,57.885819,40.333166,3955469260.0,490.0,780.0,17.285069,128.0,132.0
10.0,81.9,1.0,2.9,52.591332,51.509182,40.184516,3955480391.0,490.0,780.0,16.820264,128.0,262.0
10.0,81.9,1.0,2.9,53.393868,52.894954,40.908382,3955480591.0,470.0,760.0,9.308593,128.0,132.0
10.0,81.9,1.0,2.9,52.254256,51.577284,41.022963,3955480791.0,450.0,740.0,18.902242,128.0,132.0
10.0,81.9,1.0,2.9,52.866806,51.721576,39.210182,3955480991.0,470.0,780.0,15.236987,128.0,131.0
10.0,81.9,1.0,2.9,54.771859,54.001373,39.167056,3955481191.0,470.0,760.0,14.063032,128.0,132.0
10.0,81.9,1.0,2.9,53.97011,53.497751,39.726054,3955481391.0,470.0,780.0,18.572787,128.0,132.0
10.0,81.9,1.0,2.9,55.285098,53.767271,39.801805,3955481591.0,490.0,780.0,15.825807,128.0,132.0
10.0,81.9,1.0,2.9,55.069666,54.218677,39.601129,3955481791.0,470.0,780.0,17.987911,128.0,132.0
10.0,81.9,1.0,2.9,54.95726,54.098101,39.297256,3955481991.0,470.0,760.0,15.354541,128.0,132.0
10.0,81.9,1.0,2.9,56.217273,55.467425,40.037993,3955482191.0,490.0,780.0,10.065654,128.0,132.0
10.0,81.9,1.0,2.9,56.533742,55.861386,40.205962,3955493322.0,470.0,780.0,21.973828,128.0,261.0
10.0,81.9,1.0,2.9,55.320755,54.091941,39.206327,3955493521.0,470.0,780.0,14.422225,128.0,132.0
10.0,81.9,1.0,2.9,56.093779,55.277774,39.526922,3955493721.0,470.0,760.0,17.347564,128.0,131.0
10.0,81.9,1.0,2.9,54.662665,53.866075,40.96276,3955493921.0,470.0,760.0,16.203401,128.0,131.0
10.0,81.9,1.0,2.9,55.927789,55.041856,40.008288,3955494121.0,470.0,760.0,13.531469,128.0,131.0
10.0,81.9,1.0,2.9,55.7916,55.044146,39.769667,3955494321.0,470.0,760.0,18.828404,128.0,132.0
10.0,81.9,1.0,2.9,56.125133,55.595846,40.857897,3955494521.0,470.0,780.0,10.333547,128.0,132.0
10.0,81.9,1.0,2.9,56.972568,56.205809,38.817776,3955494720.0,470.0,780.0,15.762338,128.0,132.0
10.0,81.9,1.0,2.9,57.326926,56.275458,38.781178,3955494920.0,470.0,780.0,20.304923,128.0,131.0
10.0,81.9,1.0,2.9,57.604376,56.715841,39.786146,3955495120.0,470.0,780.0,19.572755,128.0,131.0
10.0,81.9,1.0,2.9,56.394334,55.666145,40.316211,3955506251.0,470.0,780.0,23.443592,128.0,262.0
10.0,81.9,1.0,2.9,57.668494,56.92894,39.17006,3955506451.0,470.0,800.0,13.569818,128.0,131.0
10.0,81.9,1.0,2.9,56.24624,55.321988,40.227631,3955506650.0,470.0,780.0,20.350394,128.0,132.0
10.0,81.9,1.0,2.9,55.531498,54.912794,40.695453,3955506850.0,490.0,800.0,12.798491,128.0,131.0
10.0,81.9,1.0,2.9,56.507251,55.857908,40.603721,3955507050.0,470.0,780.0,12.452263,128.0,131.0
10.0,81.9,1.0,2.9,57.210453,56.64545,39.884404,3955507250.0,470.0,760.0,11.577747,128.0,131.0
10.0,81.9,1.0,2.9,58.27539,57.516048,39.867553,3955507450.0,470.0,780.0,14.543085,128.0,132.0
10.0,81.9,1.0,2.9,56.497205,55.646564,39.942406,3955507649.0,470.0,780.0,11.716319,128.0,131.0
10.0,81.9,1.0,2.9,57.015839,56.505075,41.496092,3955507849.0,450.0,760.0,15.201069,128.0,131.0
10.0,81.9,1.0,2.9,57.30909,56.73452,40.201007,3955508049.0,470.0,780.0,23.440138,128.0,131.0
10.0,81.9,1.0,2.9,57.069208,56.630074,39.45263,3955519179.0,470.0,780.0,19.659843,128.0,261.0
10.0,81.9,1.0,2.9,56.682569,56.088566,40.007313,3955519379.0,470.0,780.0,15.005813,128.0,132.0
10.0,81.9,1.0,2.9,58.064473,57.480555,41.146921,3955519579.0,450.0,760.0,17.4648,128.0,132.0
10.0,81.9,1.0,2.9,56.950585,56.344964,39.10974,3955519779.0,470.0,780.0,14.631532,128.0,131.0
10.0,81.9,1.0,2.9,57.30689,56.062815,38.943909,3955519979.0,470.0,780.0,18.532309,128.0,131.0
10.0,81.9,1.0,2.9,58.981837,58.041345,38.879176,3955520178.0,470.0,780.0,19.733163,128.0,131.0
10.0,81.9,1.0,2.9,56.039441,55.195993,38.565015,3955520378.0,470.0,780.0,17.353168,128.0,132.0
10.0,81.9,1.0,2.9,56.049984,55.410512,39.598048,3955520578.0,470.0,760.0,15.22931,128.0,131.0
10.0,81.9,1.0,2.9,57.865813,56.822496,39.96717,3955520777.0,470.0,780.0,17.806987,128.0,131.0
10.0,81.9,1.0,2.9,56.289071,55.936018,41.654806,3955520977.0,470.0,780.0,9.596207,128.0,132.0
10.0,81.9,1.0,2.9,57.980606,57.157591,39.638284,3955532111.0,470.0,780.0,15.934175,128.0,262.0
10.0,81.9,1.0,2.9,56.349169,55.904006,40.143588,3955532310.0,470.0,780.0,15.167604,128.0,131.0
10.0,81.9,1.0,2.9,57.381742,56.346125,39.21426,3955532510.0,470.0,780.0,11.154621,128.0,131.0
10.0,81.9,1.0,2.9,56.723757,56.096318,40.453497,3955532710.0,470.0,760.0,13.258961,128.0,132.0
10.0,81.9,1.0,2.9,56.439479,55.512658,40.149703,3955532910.0,470.0,780.0,15.26196,128.0,132.0
10.0,81.9,1.0,2.9,56.860929,56.044945,40.258758,3955533109.0,470.0,780.0,19.87623,128.0,131.0
10.0,81.9,1.0,2.9,56.955758,55.898508,41.711739,3955533309.0,470.0,780.0,17.081841,128.0,131.0
10.0,81.9,1.0,2.9,57.890472,56.577374,40.354958,3955533509.0,470.0,780.0,22.605674,128.0,132.0
10.0,81.9,1.0,2.9,57.438646,57.145531,39.034754,3955533709.0,470.0,760.0,12.944611,128.0,132.0
10.0,81.9,1.0,2.9,56.591511,56.287036,39.677117,3955533911.0,470.0,780.0,17.441838,128.0,119.0
10.0,81.9,1.0,2.9,74.089378,73.442112,37.472528,3955545042.0,430.0,980.0,21.574817,128.0,9.0
10.0,81.9,1.0,2.9,72.129767,71.225615,39.697067,3955545242.0,430.0,960.0,15.759813,128.0,132.0
10.0,81.9,1.0,2.9,72.389559,71.311938,39.900145,3955545441.0,430.0,940.0,17.59535,128.0,131.0
10.0,81.9,1.0,2.9,72.867626,71.813931,40.041232,3955545641.0,430.0,940.0,15.410455,128.0,131.0
10.0,81.9,1.0,2.9,71.718389,70.655908,40.643197,3955545841.0,430.0,960.0,16.392711,128.0,132.0
10.0,81.9,1.0,2.9,70.162065,68.988709,39.001773,3955546040.0,430.0,960.0,18.40037,128.0,132.0
10.0,81.9,1.0,2.9,71.410996,70.471083,39.82215,3955546240.0,430.0,960.0,17.425649,128.0,132.0
10.0,81.9,1.0,2.9,70.861477,70.049042,40.730343,3955546440.0,430.0,960.0,12.718663,128.0,131.0
10.0,81.9,1.0,2.9,70.05113,68.919061,41.914275,3955546640.0,430.0,960.0,19.590859,128.0,131.0
10.0,81.9,1.0,2.9,71.072515,70.142166,39.7839,3955546840.0,430.0,960.0,12.865235,128.0,132.0
10.0,81.9,1.0,2.9,68.032613,67.60459,39.910272,3955557970.0,430.0,960.0,13.78581,128.0,262.0
10.0,81.9,1.0,2.9,66.596209,65.826388,39.402729,3955558170.0,430.0,940.0,19.985186,128.0,131.0
10.0,81.9,1.0,2.9,65.546573,64.891303,40.40767,3955558369.0,430.0,960.0,19.621677,128.0,131.0
10.0,81.9,1.0,2.9,67.263608,66.612354,40.737219,3955558569.0,430.0,920.0,17.421231,128.0,131.0
10.0,81.9,1.0,2.9,66.334422,65.552539,39.896129,3955558768.0,430.0,960.0,15.297715,128.0,132.0
10.0,81.9,1.0,2.9,67.266181,66.259124,39.245559,3955558968.0,430.0,940.0,18.106724,128.0,131.0
10.0,81.9,1.0,2.9,67.963252,66.988991,38.573719,3955559167.0,410.0,940.0,20.40882,128.0,132.0
10.0,81.9,1.0,2.9,67.533572,66.724124,42.143093,3955559366.0,430.0,960.0,21.660073,128.0,131.0
10.0,81.9,1.0,2.9,67.910057,67.046526,39.543855,3955559566.0,430.0,940.0,15.717986,128.0,131.0
10.0,81.9,1.0,2.9,67.398368,66.964457,40.041521,3955559765.0,430.0,960.0,14.544465,128.0,131.0
10.0,81.9,1.0,2.9,68.325166,67.24134,39.000569,3955570895.0,430.0,940.0,23.765456,128.0,262.0
10.0,81.9,1.0,2.9,66.022788,65.981519,40.933794,3955571095.0,430.0,960.0,13.377782,128.0,132.0
10.0,81.9,1.0,2.9,66.316241,66.021103,40.729592,3955571298.0,410.0,920.0,16.341991,128.0,132.0
10.0,81.9,1.0,2.9,67.452741,66.79523,40.276378,3955571497.0,430.0,960.0,22.733311,128.0,131.0
10.0,81.9,1.0,2.9,66.774465,65.635812,39.859799,3955571697.0,430.0,960.0,17.211966,128.0,131.0
10.0,81.9,1.0,2.9,67.581749,66.956064,40.496602,3955571896.0,430.0,980.0,18.211399,128.0,131.0
10.0,81.9,1.0,2.9,67.560788,67.106528,41.521133,3955572096.0,430.0,940.0,18.012764,128.0,132.0
10.0,81.9,1.0,2.9,68.752334,67.969737,40.556585,3955572296.0,410.0,920.0,21.004605,128.0,132.0
10.0,81.9,1.0,2.9,68.589594,67.519556,40.133206,3955572496.0,430.0,940.0,21.619774,128.0,132.0
10.0,81.9,1.0,2.9,67.876196,66.970163,40.422805,3955572696.0,430.0,940.0,21.618615,128.0,131.0
10.0,81.9,1.0,2.9,67.641268,67.059345,41.574214,3955583826.0,430.0,940.0,16.792149,128.0,261.0
10.0,81.9,1.0,2.9,66.247141,65.737986,39.989674,3955584026.0,430.0,920.0,15.289539,128.0,131.0
10.0,81.9,1.0,2.9,67.100849,65.970023,39.522596,3955584226.0,430.0,940.0,25.330687,128.0,132.0
10.0,81.9,1.0,2.9,67.375783,66.408737,38.783104,3955584426.0,410.0,940.0,22.014195,128.0,132.0
10.0,81.9,1.0,2.9,66.347035,65.424096,40.265228,3955584626.0,430.0,940.0,18.41773,128.0,132.0
10.0,81.9,1.0,2.9,65.705508,65.507013,41.16425,3955584825.0,430.0,960.0,17.302747,128.0,131.0
10.0,81.9,1.0,2.9,65.821384,65.249292,40.494078,3955585025.0,430.0,940.0,22.790404,128.0,131.0
10.0,81.9,1.0,2.9,66.958645,66.266067,40.425872,3955585225.0,410.0,920.0,20.794789,128.0,131.0
10.0,81.9,1.0,2.9,67.138093,66.864339,40.091737,3955585425.0,410.0,920.0,11.127195,128.0,132.0
10.0,81.9,1.0,2.9,65.825983,65.141532,39.674934,3955585624.0,410.0,920.0,16.355103,128.0,131.0
10.0,81.9,1.0,2.9,67.291885,66.120684,40.526687,3955596755.0,430.0,960.0,16.04436,128.0,261.0
10.0,81.9,1.0,2.9,67.000788,66.423715,40.692998,3955596955.0,430.0,960.0,23.031823,128.0,131.0
10.0,81.9,1.0,2.9,66.163968,65.350585,40.591345,3955597155.0,430.0,960.0,19.350641,128.0,131.0
10.0,81.9,1.0,2.9,66.459059,65.92909,40.369295,3955597355.0,430.0,940.0,19.103131,128.0,132.0
10.0,81.9,1.0,2.9,65.986525,65.291125,40.932637,3955597554.0,430.0,940.0,15.428749,128.0,132.0
10.0,81.9,1.0,2.9,66.107458,65.371136,39.206669,3955597754.0,430.0,960.0,16.540464,128.0,131.0
10.0,81.9,1.0,2.9,65.056086,64.343474,40.262477,3955597954.0,430.0,940.0,19.655887,128.0,132.0
10.0,81.9,1.0,2.9,66.088194,65.815483,40.74583,3955598154.0,430.0,940.0,17.452252,128.0,131.0
10.0,81.9,1.0,2.9,65.838315,65.375489,39.200114,3955598354.0,410.0,920.0,17.972835,128.0,131.0
10.0,81.9,1.0,2.9,66.370102,65.817383,40.949867,3955598553.0,410.0,940.0,15.241162,128.0,132.0
10.0,81.9,1.0,2.9,67.299766,66.612015,39.475202,3955609685.0,430.0,960.0,17.159655,128.0,262.0
10.0,81.9,1.0,2.9,65.696795,65.305821,39.883547,3955609884.0,430.0,940.0,20.162511,128.0,132.0
10.0,81.9,1.0,2.9,65.23872,64.982349,40.838542,3955610084.0,430.0,940.0,9.57747,128.0,132.0
10.0,81.9,1.0,2.9,64.273936,63.412759,40.514602,3955610284.0,430.0,980.0,21.609206,128.0,131.0
10.0,81.9,1.0,2.9,64.152117,63.604121,40.020907,3955610484.0,410.0,940.0,15.427278,128.0,131.0
10.0,81.9,1.0,2.9,64.992921,64.458685,41.313487,3955610684.0,430.0,960.0,23.204234,128.0,131.0
10.0,81.9,1.0,2.9,64.599319,64.12927,41.752313,3955610884.0,410.0,940.0,17.893905,128.0,132.0
10.0,81.9,1.0,2.9,65.226337,64.349769,38.31515,3955611083.0,430.0,940.0,15.529328,128.0,132.0
10.0,81.9,1.0,2.9,64.172509,63.889883,40.564058,3955611283.0,430.0,940.0,17.171754,128.0,132.0
10.0,81.9,1.0,2.9,64.490492,63.700835,39.728816,3955611483.0,430.0,960.0,13.708923,128.0,131.0
10.0,81.9,1.0,2.9,65.570002,64.928654,39.603277,3955622614.0,410.0,920.0,22.029726,128.0,261.0
10.0,81.9,1.0,2.9,64.627642,64.390266,40.436323,3955622814.0,430.0,940.0,15.240886,128.0,131.0
10.0,81.9,1.0,2.9,63.290718,62.910655,39.29156,3955623014.0,410.0,940.0,17.590089,128.0,131.0
10.0,81.9,1.0,2.9,63.717747,63.012468,38.062295,3955623213.0,430.0,940.0,22.143385,128.0,132.0
10.0,81.9,1.0,2.9,63.138676,62.9231,41.144231,3955623413.0,430.0,960.0,18.907988,128.0,132.0
10.0,81.9,1.0,2.9,63.307163,62.648589,39.591243,3955623613.0,430.0,960.0,23.853974,128.0,132.0
10.0,81.9,1.0,2.9,63.547451,63.057082,39.61849,3955623813.0,430.0,940.0,17.529494,128.0,131.0
10.0,81.9,1.0,2.9,62.997533,62.40993,40.643472,3955624012.0,430.0,940.0,20.736952,128.0,131.0
10.0,81.9,1.0,2.9,63.383498,62.888174,40.624206,3955624212.0,430.0,940.0,15.542955,128.0,132.0
10.0,81.9,1.0,2.9,63.736942,63.226244,40.094906,3955624412.0,430.0,960.0,19.062168,128.0,131.0
10.0,81.9,1.0,2.9,63.172043,63.081779,40.327964,3955635543.0,430.0,920.0,14.154392,128.0,261.0
10.0,81.9,1.0,2.9,62.491889,62.375525,40.129927,3955635742.0,410.0,940.0,13.599395,128.0,131.0
10.0,81.9,1.0,2.9,61.580752,61.213453,38.617844,3955635942.0,430.0,960.0,18.281231,128.0,131.0
10.0,81.9,1.0,2.9,61.754855,61.092684,40.371524,3955636142.0,430.0,940.0,23.504036,128.0,131.0
10.0,81.9,1.0,2.9,60.729755,60.239968,39.346067,3955636342.0,430.0,940.0,19.632536,128.0,131.0
10.0,81.9,1.0,2.9,61.125649,60.55726,41.445265,3955636542.0,430.0,960.0,18.722574,128.0,131.0
10.0,81.9,1.0,2.9,62.488697,61.667032,40.473075,3955636742.0,430.0,920.0,22.764585,128.0,132.0
10.0,81.9,1.0,2.9,62.774837,62.217738,40.064346,3955636942.0,430.0,980.0,18.958541,128.0,132.0
10.0,81.9,1.0,2.9,61.847338,61.495338,39.576,3955637142.0,430.0,960.0,19.513454,128.0,132.0
10.0,81.9,1.0,2.9,61.760319,61.151954,39.281051,3955637342.0,430.0,940.0,15.78004,128.0,132.0
10.0,81.9,1.0,2.9,63.055988,62.411203,40.835462,3955648473.0,430.0,940.0,17.869801,128.0,262.0
10.0,81.9,1.0,2.9,61.182079,60.736228,38.590335,3955648673.0,410.0,920.0,17.103091,128.0,132.0
10.0,81.9,1.0,2.9,61.648673,61.037205,41.306768,3955648872.0,430.0,960.0,16.574536,128.0,132.0
10.0,81.9,1.0,2.9,61.409447,60.42076,39.570984,3955649072.0,410.0,920.0,22.017079,128.0,131.0
10.0,81.9,1.0,2.9,61.590204,60.867751,40.169244,3955649272.0,430.0,960.0,18.640267,128.0,131.0
10.0,81.9,1.0,2.9,61.164597,61.126578,40.963342,3955649471.0,430.0,940.0,17.69495,128.0,132.0
10.0,81.9,1.0,2.9,60.76321,61.063511,40.0356,3955649671.0,410.0,940.0,20.175357,128.0,131.0
10.0,81.9,1.0,2.9,60.830198,60.348978,41.553978,3955649876.0,430.0,940.0,16.5204,128.0,131.0
10.0,81.9,1.0,2.9,60.22485,59.503738,39.923275,3955650075.0,430.0,960.0,12.82321,128.0,132.0
10.0,81.9,1.0,2.9,60.62968,59.925704,40.203386,3955650275.0,430.0,940.0,21.753409,128.0,131.0
10.0,81.9,1.0,2.9,61.221115,60.972054,39.517453,3955661406.0,430.0,940.0,18.919957,128.0,262.0
10.0,81.9,1.0,2.9,60.884032,60.557451,38.57385,3955661605.0,410.0,940.0,21.134265,128.0,132.0
10.0,81.9,1.0,2.9,60.655704,59.962696,39.959914,3955661805.0,410.0,920.0,17.149285,128.0,132.0
10.0,81.9,1.0,2.9,60.47859,60.477589,40.346894,3955662005.0,430.0,940.0,15.190882,128.0,131.0
10.0,81.9,1.0,2.9,60.330962,59.558367,40.716014,3955662211.0,430.0,960.0,14.098683,128.0,132.0
10.0,81.9,1.0,2.9,58.993566,58.942708,42.055694,3955662411.0,410.0,940.0,21.392277,128.0,131.0
10.0,81.9,1.0,2.9,59.287535,59.159985,40.117452,3955662611.0,430.0,940.0,16.738921,128.0,131.0
10.0,81.9,1.0,2.9,59.720559,59.060578,40.006937,3955662810.0,430.0,940.0,16.641815,128.0,132.0
10.0,81.9,1.0,2.9,58.306,57.944081,39.462866,3955663010.0,410.0,940.0,23.030298,128.0,132.0
10.0,81.9,1.0,2.9,58.81383,58.247781,39.647801,3955663210.0,430.0,940.0,19.555586,128.0,131.0
10.0,81.9,1.0,2.9,59.448624,59.378215,39.994169,3955674341.0,430.0,940.0,17.97298,128.0,261.0
10.0,81.9,1.0,2.9,59.041914,58.332233,39.317889,3955674540.0,430.0,940.0,16.93027,128.0,131.0
10.0,81.9,1.0,2.9,59.261176,58.534419,39.932955,3955674740.0,410.0,940.0,13.658762,128.0,131.0
10.0,81.9,1.0,2.9,58.930168,58.378602,39.262478,3955674940.0,410.0,940.0,16.385844,128.0,132.0
10.0,81.9,1.0,2.9,59.56946,58.788062,39.954048,3955675140.0,410.0,940.0,20.426169,128.0,132.0
10.0,81.9,1.0,2.9,59.227559,58.610549,39.372995,3955675340.0,410.0,960.0,18.23409,128.0,132.0
10.0,81.9,1.0,2.9,58.828964,58.340561,40.536607,3955675540.0,410.0,920.0,19.210217,128.0,132.0
10.0,81.9,1.0,2.9,58.713624,57.93634,40.736343,3955675740.0,430.0,940.0,16.973711,128.0,132.0
10.0,81.9,1.0,2.9,58.193578,57.873493,39.534807,3955675940.0,410.0,920.0,21.972057,128.0,131.0
10.0,81.9,1.0,2.9,57.541148,57.59511,41.962813,3955676140.0,430.0,960.0,14.778485,128.0,131.0
10.0,81.9,1.0,2.9,57.943922,57.256827,39.467291,3955687278.0,430.0,940.0,18.078193,128.0,262.0
10.0,81.9,1.0,2.9,57.982082,57.492729,39.12652,3955687478.0,410.0,940.0,10.069912,128.0,132.0
10.0,81.9,1.0,2.9,57.925321,57.570383,38.791353,3955687678.0,430.0,940.0,21.939219,128.0,132.0
10.0,81.9,1.0,2.9,57.95699,57.725685,39.4017,3955687878.0,430.0,960.0,13.453074,128.0,132.0
10.0,81.9,1.0,2.9,56.923282,57.012656,38.449011,3955688077.0,430.0,940.0,14.436221,128.0,131.0
10.0,81.9,1.0,2.9,57.878349,57.051318,40.855058,3955688277.0,410.0,920.0,15.230797,128.0,130.0
10.0,81.9,1.0,2.9,56.640852,56.242509,40.638826,3955688477.0,410.0,940.0,15.394279,128.0,131.0
10.0,81.9,1.0,2.9,57.272638,56.588885,40.297872,3955688677.0,430.0,940.0,20.802912,128.0,132.0
10.0,81.9,1.0,2.9,56.139005,55.806697,40.185896,3955688877.0,430.0,940.0,22.02908,128.0,132.0
10.0,81.9,1.0,2.9,56.533019,55.969502,40.017516,3955689077.0,430.0,920.0,20.505031,128.0,132.0
10.0,81.9,1.0,2.9,57.36428,57.319982,40.252464,3955700207.0,430.0,940.0,14.665896,128.0,262.0
10.0,81.9,1.0,2.9,56.341146,56.144516,39.891792,3955700407.0,410.0,940.0,9.918428,128.0,131.0
10.0,81.9,1.0,2.9,56.615387,56.08125,38.838719,3955700607.0,410.0,940.0,16.48856,128.0,131.0
10.0,81.9,1.0,2.9,55.539833,55.129347,38.766137,3955700807.0,430.0,940.0,17.883773,128.0,132.0
10.0,81.9,1.0,2.9,56.19457,55.764338,40.267281,3955701006.0,410.0,920.0,19.2187,128.0,128.0
10.0,81.9,1.0,2.9,56.502373,56.75368,39.762485,3955701206.0,410.0,920.0,13.517522,128.0,131.0
10.0,81.9,1.0,2.9,56.469556,56.234723,40.26949,3955701406.0,430.0,940.0,20.064101,128.0,132.0
10.0,81.9,1.0,2.9,56.678367,56.524589,41.531608,3955701605.0,430.0,940.0,22.053286,128.0,132.0
10.0,81.9,1.0,2.9,55.046281,54.642017,40.069755,3955701805.0,410.0,940.0,17.578862,128.0,131.0
10.0,81.9,1.0,2.9,54.710141,54.288619,41.11189,3955702005.0,410.0,920.0,17.615288,128.0,131.0
10.0,81.9,1.0,2.9,56.013659,54.319692,39.786057,3955713135.0,430.0,940.0,23.272071,128.0,262.0
10.0,81.9,1.0,2.9,55.714846,55.419706,40.38436,3955713335.0,410.0,920.0,17.603205,128.0,131.0
10.0,81.9,1.0,2.9,54.87631,54.784439,39.744963,3955713535.0,430.0,940.0,13.114929,128.0,131.0
10.0,81.9,1.0,2.9,54.589507,54.454859,38.788038,3955713735.0,430.0,960.0,20.01135,128.0,131.0
10.0,81.9,1.0,2.9,55.015822,55.118735,39.729039,3955713934.0,430.0,960.0,17.94045,128.0,132.0
10.0,81.9,1.0,2.9,54.661494,54.039867,38.947248,3955714134.0,430.0,940.0,19.848808,128.0,131.0
10.0,81.9,1.0,2.9,54.785491,54.54591,39.71182,3955714334.0,430.0,940.0,15.975875,128.0,131.0
10.0,81.9,1.0,2.9,54.938592,54.168555,40.743116,3955714533.0,430.0,960.0,13.217166,128.0,132.0
10.0,81.9,1.0,2.9,54.703423,54.675052,39.182107,3955714733.0,430.0,940.0,17.17071,128.0,132.0
10.0,81.9,1.0,2.9,55.104871,54.758023,38.911125,3955714933.0,430.0,940.0,22.143379,128.0,131.0
10.0,81.9,1.0,2.9,53.671587,53.46013,41.14795,3955726064.0,410.0,900.0,16.302609,128.0,262.0
10.0,81.9,1.0,2.9,53.216258,52.97401,40.592254,3955726264.0,430.0,940.0,19.025231,128.0,132.0
10.0,81.9,1.0,2.9,53.398615,53.339465,42.039576,3955726464.0,430.0,940.0,14.570858,128.0,132.0
10.0,81.9,1.0,2.9,53.997411,53.062358,38.964207,3955726664.0,410.0,900.0,17.014592,128.0,131.0
10.0,81.9,1.0,2.9,53.381922,52.677092,40.43922,3955726864.0,430.0,940.0,15.4253,128.0,131.0
10.0,81.9,1.0,2.9,53.699129,53.331394,38.641239,3955727064.0,430.0,940.0,14.665754,128.0,131.0
10.0,81.9,1.0,2.9,53.281727,53.111738,40.165187,3955727263.0,430.0,940.0,18.358965,128.0,131.0
10.0,81.9,1.0,2.9,53.837098,53.213609,40.627169,3955727463.0,430.0,960.0,16.69773,128.0,132.0
10.0,81.9,1.0,2.9,52.768688,53.048013,40.379616,3955727663.0,430.0,960.0,15.136724,128.0,131.0
10.0,81.9,1.0,2.9,54.157761,53.241404,40.444228,3955727862.0,430.0,940.0,20.543821,128.0,131.0
10.0,81.9,1.0,2.9,53.250068,53.473624,40.689544,3955738993.0,430.0,940.0,9.925885,128.0,261.0
10.0,81.9,1.0,2.9,53.74395,53.686553,39.532005,3955739192.0,410.0,900.0,15.864411,128.0,131.0
10.0,81.9,1.0,2.9,53.017965,52.755606,40.205876,3955739392.0,410.0,920.0,23.684022,128.0,131.0
10.0,81.9,1.0,2.9,53.342729,52.973195,40.645892,3955739592.0,430.0,920.0,18.784544,128.0,132.0
10.0,81.9,1.0,2.9,53.141169,53.237959,39.763666,3955739792.0,410.0,940.0,12.587948,128.0,132.0
10.0,81.9,1.0,2.9,53.023584,52.723073,41.393486,3955739992.0,430.0,940.0,18.900227,128.0,132.0
10.0,81.9,1.0,2.9,52.368934,51.82085,40.360391,3955740191.0,410.0,920.0,22.004699,128.0,131.0
10.0,81.9,1.0,2.9,53.393617,52.67301,39.19018,3955740391.0,410.0,920.0,18.573739,128.0,131.0
10.0,81.9,1.0,2.9,52.12395,51.849282,39.347446,3955740591.0,430.0,940.0,13.986474,128.0,131.0
10.0,81.9,1.0,2.9,52.894138,52.762172,39.860012,3955740791.0,410.0,920.0,15.514043,128.0,132.0
10.0,81.9,1.0,2.9,52.156573,52.077917,39.494036,3955751922.0,430.0,940.0,18.536038,128.0,262.0
10.0,81.9,1.0,2.9,52.378617,52.343174,39.565261,3955752121.0,430.0,940.0,15.304788,128.0,132.0
10.0,81.9,1.0,2.9,51.999733,51.707759,40.34496,3955752321.0,430.0,940.0,20.887942,128.0,131.0
10.0,81.9,1.0,2.9,52.343593,51.9276,40.332625,3955752521.0,430.0,940.0,18.548972,128.0,130.0
10.0,81.9,1.0,2.9,52.331123,52.325486,39.861756,3955752721.0,430.0,940.0,17.580979,128.0,132.0
10.0,81.9,1.0,2.9,52.421836,51.777823,41.154632,3955752920.0,410.0,920.0,17.694303,128.0,131.0
10.0,81.9,1.0,2.9,52.305007,52.223327,39.278538,3955753120.0,430.0,940.0,14.418438,128.0,131.0
10.0,81.9,1.0,2.9,52.426357,52.611975,40.563221,3955753320.0,410.0,940.0,11.210124,128.0,131.0
10.0,81.9,1.0,2.9,52.081457,51.793979,41.387382,3955753520.0,430.0,940.0,16.769916,128.0,132.0
10.0,81.9,1.0,2.9,51.842675,52.036803,40.923554,3955753719.0,430.0,920.0,14.157417,128.0,132.0
10.0,81.9,1.0,2.9,51.499419,51.320175,39.900601,3955764850.0,430.0,940.0,17.318281,128.0,262.0
10.0,81.9,1.0,2.9,50.38326,50.2884,39.455527,3955765050.0,430.0,940.0,19.341848,128.0,131.0
10.0,81.9,1.0,2.9,50.594706,50.051811,38.841185,3955765250.0,430.0,960.0,17.691391,128.0,131.0
10.0,81.9,1.0,2.9,51.116705,50.814206,38.913159,3955765449.0,430.0,920.0,16.469886,128.0,132.0
10.0,81.9,1.0,2.9,51.021064,49.745452,38.933326,3955765649.0,430.0,940.0,17.583745,128.0,132.0
10.0,81.9,1.0,2.9,51.052471,50.816278,39.894937,3955765849.0,430.0,940.0,18.742371,128.0,131.0
10.0,81.9,1.0,2.9,50.365107,50.209904,40.63884,3955766049.0,410.0,920.0,18.445506,128.0,131.0
10.0,81.9,1.0,2.9,51.517426,50.930407,39.551536,3955766248.0,430.0,920.0,19.625227,128.0,132.0
10.0,81.9,1.0,2.9,51.542892,51.147643,39.853201,3955766448.0,410.0,920.0,14.990162,128.0,131.0
10.0,81.9,1.0,2.9,50.314526,50.25299,38.955548,3955766648.0,410.0,940.0,18.543003,128.0,131.0
10.0,81.9,1.0,2.9,50.59587,50.672664,39.838581,3955777778.0,430.0,940.0,13.602851,128.0,262.0
10.0,81.9,1.0,2.9,49.558454,49.226951,39.421608,3955777978.0,430.0,960.0,24.657671,128.0,132.0
10.0,81.9,1.0,2.9,49.329177,49.035208,40.471772,3955778178.0,430.0,940.0,17.942769,128.0,132.0
10.0,81.9,1.0,2.9,49.803656,49.903027,40.36693,3955778378.0,430.0,940.0,25.408058,128.0,132.0
10.0,81.9,1.0,2.9,50.86461,50.656162,39.169773,3955778578.0,410.0,900.0,12.726477,128.0,131.0
10.0,81.9,1.0,2.9,50.306394,50.300952,40.369345,3955778778.0,430.0,960.0,18.039802,128.0,131.0
10.0,81.9,1.0,2.9,50.319891,50.598211,39.646495,3955778977.0,410.0,920.0,16.827853,128.0,131.0
10.0,81.9,1.0,2.9,49.913155,49.677677,40.810159,3955779177.0,430.0,940.0,21.2792,128.0,132.0
10.0,81.9,1.0,2.9,49.897817,49.432535,39.607177,3955779377.0,410.0,920.0,17.607386,128.0,132.0
10.0,81.9,1.0,2.9,49.895569,49.357701,39.464408,3955779577.0,430.0,940.0,20.113581,128.0,132.0
10.0,81.9,1.0,2.9,49.185268,48.585036,39.724136,3955790708.0,430.0,920.0,17.967903,128.0,262.0
10.0,81.9,1.0,2.9,48.45015,48.522493,40.040683,3955790907.0,410.0,900.0,10.021383,128.0,131.0
10.0,81.9,1.0,2.9,49.849539,49.5667,40.327238,3955791107.0,430.0,940.0,23.849079,128.0,131.0
10.0,81.9,1.0,2.9,49.810813,49.546689,40.030661,3955791307.0,430.0,940.0,15.36043,128.0,131.0
10.0,81.9,1.0,2.9,48.893535,49.110334,40.053218,3955791507.0,410.0,900.0,12.628308,128.0,131.0
10.0,81.9,1.0,2.9,48.908199,48.865357,40.447231,3955791707.0,430.0,940.0,21.688053,128.0,131.0
10.0,81.9,1.0,2.9,49.795364,49.545075,39.41086,3955791907.0,430.0,940.0,19.942319,128.0,132.0
10.0,81.9,1.0,2.9,49.452688,49.452435,40.513337,3955792107.0,430.0,920.0,18.293324,128.0,132.0
10.0,81.9,1.0,2.9,49.228081,48.887416,40.955218,3955792306.0,430.0,940.0,18.384319,128.0,131.0
10.0,81.9,1.0,2.9,48.93596,48.766035,39.591089,3955792506.0,430.0,920.0,21.490667,128.0,132.0
10.0,81.9,1.0,2.9,46.480115,46.54927,40.5308,3955803636.0,430.0,900.0,17.102657,128.0,261.0
10.0,81.9,1.0,2.9,46.980344,46.457602,38.907044,3955803835.0,430.0,920.0,19.176134,128.0,132.0
10.0,81.9,1.0,2.9,46.557068,46.377433,41.098295,3955804035.0,430.0,920.0,18.164173,128.0,131.0
10.0,81.9,1.0,2.9,44.879244,45.164903,39.089652,3955804234.0,430.0,920.0,12.423538,128.0,132.0
10.0,81.9,1.0,2.9,46.702467,47.374894,39.435522,3955804434.0,410.0,900.0,12.848397,128.0,131.0
10.0,81.9,1.0,2.9,46.987473,47.064498,39.858732,3955804633.0,450.0,960.0,15.396627,128.0,131.0
10.0,81.9,1.0,2.9,47.575794,47.429718,40.679314,3955804833.0,430.0,940.0,15.024254,128.0,130.0
10.0,81.9,1.0,2.9,46.685004,46.404585,40.234975,3955805032.0,410.0,920.0,16.403283,128.0,131.0
10.0,81.9,1.0,2.9,46.472487,47.430418,41.640317,3955805231.0,430.0,940.0,20.495684,128.0,132.0
